#################################### 
# Matrix Size= (30,40,0.278)
# Resol      = (120,160,1)
# VoxelSize  = (0.25,0.25,0.278)
# nbVal      = 19200
#################################### 
0 0 0 0 0 0 0 0 0 0 0 0 0 0 0 0 1 8 9 14 20 42 42 50 62 74 89 99 92 105 98 105 103 101 115 116 111 122 110 129 125 138 130 143 130 129 127 125 142 130 127 131 133 140 122 139 145 136 147 148 165 150 157 169 171 173 180 170 165 169 177 172 180 158 158 170 158 149 168 154 164 163 152 163 155 171 175 166 173 157 164 162 172 163 173 172 169 165 178 185 186 187 184 194 193 200 196 195 203 201 199 202 218 221 214 217 220 210 219 213 
0 0 0 0 0 0 0 0 0 0 0 0 0 2 7 4 9 14 18 30 29 32 41 35 54 56 54 60 81 77 93 83 88 89 89 80 78 74 78 83 84 89 98 102 117 118 126 140 125 131 120 139 147 133 144 143 143 136 138 133 125 117 123 121 124 120 121 122 117 129 135 142 136 151 136 157 148 144 155 139 143 142 150 152 164 171 161 164 166 184 185 174 179 174 175 173 172 176 171 166 170 179 181 173 180 176 182 192 189 194 195 192 201 211 216 217 230 223 231 239 
0 0 0 0 0 0 0 0 0 0 0 0 0 0 3 9 18 27 36 37 49 58 83 83 84 78 87 89 93 97 103 93 106 101 101 102 102 101 108 113 109 112 101 118 101 101 93 89 96 97 96 90 101 96 105 115 115 108 120 129 132 125 140 141 146 144 137 141 147 144 144 151 167 153 156 150 153 149 153 156 155 152 157 153 168 157 158 161 163 179 180 184 168 189 182 193 202 205 223 215 207 219 216 213 236 222 236 232 241 222 243 242 250 244 264 253 255 241 244 260 
0 0 0 0 0 0 0 0 0 0 0 0 0 0 0 4 10 16 27 37 43 44 39 45 65 63 66 73 72 75 70 87 89 93 95 100 96 109 113 106 96 100 89 94 89 103 108 112 111 116 119 114 127 124 129 129 128 124 114 115 126 119 127 127 136 134 131 149 137 143 141 150 144 153 162 152 170 169 181 177 189 192 190 195 199 203 217 211 221 202 201 213 206 222 221 223 219 227 214 232 222 239 241 246 248 238 252 223 234 256 255 260 252 256 250 256 255 260 256 249 
0 0 0 0 0 0 0 0 0 0 0 0 1 4 8 17 24 37 48 67 81 83 91 95 105 100 95 106 116 114 115 119 116 125 109 128 109 108 102 104 110 100 119 111 118 113 112 129 134 125 140 137 153 140 144 163 147 155 159 166 162 179 166 172 169 175 175 177 177 184 184 197 183 191 189 190 180 191 182 180 178 189 180 185 185 187 196 178 185 186 192 189 187 185 180 186 183 179 180 172 172 198 187 201 196 197 200 204 197 198 197 202 207 205 208 212 221 225 242 238 
0 0 0 0 0 0 0 0 0 0 0 0 0 2 2 9 9 26 36 47 46 41 47 53 55 54 59 58 58 43 50 49 49 58 63 66 77 87 85 98 96 98 96 108 107 103 106 106 106 103 121 124 121 130 128 149 152 160 150 155 161 154 149 155 173 161 165 160 156 166 164 171 171 167 168 173 186 177 187 179 186 188 196 181 188 183 173 176 187 188 202 202 196 203 197 194 215 214 211 216 217 225 231 218 228 224 237 231 219 230 234 223 229 235 227 243 238 232 254 259 
0 0 0 0 0 0 0 0 0 0 0 0 1 9 14 30 37 46 57 55 66 82 74 79 76 73 80 74 80 79 82 89 104 94 101 93 97 98 84 94 97 92 89 100 99 106 101 110 110 102 99 100 105 99 107 107 101 100 107 111 124 118 114 113 131 127 127 130 131 131 133 144 146 148 167 162 156 161 148 163 154 173 156 159 160 169 173 180 184 188 179 170 167 177 191 192 187 192 188 204 198 187 196 190 187 200 200 204 211 215 225 210 214 231 241 238 241 241 254 255 
0 0 0 0 0 0 0 0 0 0 1 2 6 4 11 12 23 61 66 83 95 103 100 107 132 112 115 122 120 119 127 128 127 122 121 120 128 128 135 134 131 132 134 128 140 125 124 134 134 133 133 127 130 135 112 127 130 120 132 132 120 127 120 118 124 132 137 137 130 144 135 133 143 134 138 132 136 134 133 147 150 142 154 145 155 154 160 164 174 180 172 213 191 192 196 228 213 219 228 227 244 238 245 249 253 250 267 263 259 254 269 252 278 252 255 265 266 275 275 283 
0 0 0 0 0 0 0 0 0 0 0 0 0 21 22 34 45 57 69 105 93 82 81 83 79 80 79 75 76 82 89 88 86 81 79 90 83 109 99 84 75 91 75 82 91 96 98 98 110 111 122 100 116 106 102 95 93 104 98 101 114 115 121 132 134 137 148 148 158 153 149 173 158 157 164 163 162 159 149 151 157 160 163 178 186 177 180 185 189 202 181 183 195 192 195 188 191 197 190 190 202 193 187 196 198 204 205 207 209 224 231 249 245 249 245 240 254 268 270 287 
0 0 0 0 0 0 0 0 0 0 0 0 1 13 28 30 53 65 57 72 71 85 78 68 86 84 86 90 93 83 89 95 98 103 110 117 117 119 112 114 96 99 99 103 84 87 88 74 90 92 99 103 111 123 111 134 134 124 127 123 124 140 130 133 133 123 128 118 121 111 121 110 125 128 135 129 131 137 157 155 163 152 179 154 158 168 168 175 179 197 213 199 210 223 214 239 240 231 240 236 239 259 252 281 261 259 266 269 259 265 259 260 263 259 259 251 260 257 250 262 
0 0 0 0 0 0 0 0 0 0 0 1 3 15 37 46 53 57 70 74 97 93 94 101 114 115 118 108 103 99 97 96 94 94 96 104 101 108 109 111 117 116 105 117 132 128 127 137 138 130 118 113 115 124 123 135 142 142 142 155 169 161 173 161 161 161 159 176 159 179 163 171 170 170 182 174 173 180 174 175 190 190 192 198 190 192 178 190 178 200 193 188 193 200 190 193 186 201 189 214 218 193 201 216 220 222 216 240 232 245 257 255 259 266 273 271 276 279 289 293 
0 0 0 0 0 0 0 0 0 0 0 5 7 12 21 32 32 54 66 64 71 58 54 47 49 64 61 74 97 94 93 115 106 110 117 113 110 113 117 124 125 119 123 130 128 139 134 149 136 134 155 156 171 153 165 146 146 155 166 154 150 150 146 153 162 154 146 150 149 172 189 181 185 174 173 173 174 179 183 167 180 186 180 196 181 188 197 206 196 199 200 195 209 198 206 191 219 204 220 220 230 228 242 247 266 238 247 254 257 248 240 252 270 267 274 284 294 286 291 305 
0 0 0 0 0 0 0 0 0 0 2 14 27 35 43 60 69 86 87 90 86 91 108 93 99 108 110 110 107 107 108 104 103 101 106 120 112 119 109 116 115 128 131 129 116 123 124 124 129 135 130 141 137 137 144 144 144 140 128 137 138 151 147 140 146 149 153 143 159 139 141 162 158 172 180 167 183 183 192 188 186 171 189 192 210 206 215 204 203 212 202 202 198 195 195 210 223 213 215 216 236 225 230 231 224 240 236 249 257 271 265 266 259 265 268 276 275 280 275 262 
0 0 0 0 0 0 0 0 0 0 0 0 7 21 32 43 56 79 73 73 83 85 94 82 91 89 102 91 97 92 83 77 72 83 77 66 74 80 70 80 90 79 78 91 113 112 108 109 106 105 121 110 103 125 120 133 130 128 132 129 136 137 133 135 130 140 139 135 140 135 133 133 140 141 170 156 168 168 167 171 173 177 185 188 182 183 178 185 182 205 203 203 204 205 211 214 204 206 221 216 218 229 228 240 235 240 241 238 232 239 240 240 243 245 241 248 254 261 272 271 
0 0 0 0 0 0 0 0 0 0 2 8 17 35 64 62 73 81 80 94 83 82 86 78 76 92 87 97 101 97 97 105 107 111 109 117 126 120 126 118 124 110 118 112 119 113 131 123 120 134 127 129 136 135 146 142 148 158 169 162 160 150 166 142 157 145 154 163 163 154 167 167 157 156 144 159 163 165 174 164 174 167 163 180 184 196 200 212 217 214 204 219 209 210 197 205 212 225 227 207 213 214 209 211 208 223 223 217 208 224 218 206 207 200 209 217 205 203 210 198 
0 0 0 0 0 0 0 0 0 0 0 3 4 13 26 49 66 75 78 84 88 92 89 89 81 71 74 67 74 68 82 74 72 83 86 91 93 88 99 82 92 104 95 109 110 118 124 121 119 136 136 158 150 157 164 168 160 141 154 162 166 160 155 167 169 182 180 180 172 183 195 186 173 199 202 206 215 196 192 201 190 166 182 176 183 166 173 165 177 187 183 187 190 215 224 222 218 220 223 215 207 217 218 244 237 243 243 245 254 261 262 271 282 290 290 285 290 299 301 300 
0 0 0 0 0 0 0 0 4 2 2 6 3 10 33 35 45 53 57 69 72 67 71 70 76 84 78 88 85 80 81 77 80 89 89 82 92 84 103 87 91 80 97 105 101 99 100 124 127 128 128 132 130 134 148 147 131 137 155 153 150 172 155 162 147 145 138 143 139 137 141 146 140 148 147 134 118 134 137 159 164 179 172 179 172 193 194 199 194 208 222 214 233 206 207 206 217 216 220 219 214 221 207 235 225 217 206 227 229 217 223 203 215 219 214 213 209 225 221 222 
0 0 0 0 0 0 0 0 0 0 1 11 21 34 46 64 81 95 100 90 103 99 100 101 95 103 96 101 97 121 113 127 117 115 122 105 118 107 100 110 100 101 105 109 100 102 101 105 100 107 105 102 110 108 119 118 118 119 121 114 111 95 114 114 120 110 117 114 131 132 134 134 134 151 149 167 173 165 173 177 178 187 176 182 183 169 182 181 177 186 187 184 194 185 197 207 208 229 232 230 217 232 227 229 218 240 238 247 247 258 248 274 264 253 265 255 260 263 277 275 
0 0 0 0 0 0 0 0 0 3 2 4 10 24 46 52 68 72 80 89 92 89 94 98 96 88 102 96 99 110 114 125 116 93 111 110 110 125 136 132 142 144 136 138 129 145 147 144 147 152 137 143 141 144 151 152 172 174 169 181 168 188 174 180 169 168 174 175 185 184 199 186 198 202 203 200 199 205 196 194 181 184 177 194 182 193 186 189 190 189 190 201 205 210 209 197 192 193 192 191 208 204 201 212 215 232 234 251 250 235 239 264 257 263 271 268 278 285 296 279 
0 0 0 0 0 0 0 0 0 2 3 2 11 19 38 62 76 82 112 110 119 124 117 106 119 122 126 112 111 134 123 131 152 136 133 140 133 144 145 140 150 145 137 129 131 130 156 168 153 162 178 178 182 184 181 188 185 180 188 178 207 181 202 191 196 202 201 202 214 198 227 220 224 212 216 221 216 216 224 233 243 238 252 242 234 254 233 249 243 245 249 246 241 249 260 264 265 278 290 284 285 294 291 283 301 311 321 309 310 308 330 321 330 332 342 335 346 345 351 374 
0 0 0 0 0 0 0 0 0 0 6 8 11 43 48 82 81 116 116 127 131 121 118 123 116 125 131 128 119 116 124 133 120 104 106 114 126 125 126 139 126 118 128 126 138 137 138 144 147 151 170 167 162 166 174 173 178 181 181 198 186 200 188 200 195 200 210 213 212 220 220 222 240 231 248 253 249 243 248 230 232 219 209 217 225 226 248 235 263 260 269 268 277 275 291 283 290 304 297 300 303 298 287 305 290 268 284 275 278 271 274 288 288 281 277 278 273 269 263 274 
0 0 0 0 0 0 0 0 0 0 0 7 11 21 36 39 63 72 80 91 89 92 102 95 96 100 115 108 113 120 115 123 121 120 129 118 114 137 138 129 137 160 155 160 163 161 157 149 169 148 159 151 142 141 164 159 164 161 164 171 185 181 188 191 185 166 183 173 182 170 170 179 176 192 208 205 210 220 227 221 241 234 254 234 243 241 249 260 252 247 240 262 253 277 269 267 286 258 264 270 257 252 274 273 284 283 292 294 283 310 292 301 300 314 331 318 331 346 353 338 
0 0 0 0 0 0 0 0 0 0 6 8 15 29 41 50 56 77 104 106 121 121 133 129 119 115 115 138 147 148 145 137 133 126 139 127 125 143 120 119 110 108 103 123 105 110 106 99 101 99 109 104 118 114 105 113 105 102 117 115 107 127 130 129 132 137 133 135 141 149 149 164 156 174 171 163 182 165 175 159 162 162 160 175 161 160 152 158 157 170 178 178 196 192 193 205 206 223 215 224 243 240 244 257 255 275 272 274 280 298 297 321 323 315 318 325 305 306 286 291 
0 0 0 0 0 0 0 0 0 2 3 9 12 23 25 51 58 59 70 86 80 87 94 90 93 110 107 99 99 96 96 95 99 103 112 101 101 113 111 117 123 116 111 116 119 126 126 129 135 144 138 122 128 125 117 113 122 124 128 111 124 128 135 135 144 144 140 160 155 157 159 155 144 154 159 158 165 177 169 185 184 196 204 219 229 226 235 224 225 228 228 228 250 233 237 243 242 244 254 241 255 253 265 262 264 264 267 256 274 277 282 270 269 276 280 284 286 296 300 308 
0 0 0 0 0 0 0 0 0 0 0 9 9 18 36 37 51 69 88 92 92 112 115 120 121 104 111 118 109 106 110 104 127 123 115 116 116 112 114 115 103 111 115 115 121 116 115 116 129 108 117 110 119 115 122 117 141 140 149 147 153 135 138 139 148 158 162 176 170 166 173 168 172 172 182 184 181 183 191 186 179 193 186 206 202 198 199 213 221 218 227 235 232 235 256 253 280 256 279 278 275 274 266 270 280 286 299 296 297 292 295 318 300 322 315 322 334 333 335 354 
0 0 0 0 0 0 0 0 0 2 4 8 10 32 32 38 51 53 54 62 87 92 90 94 89 97 106 109 106 108 107 117 110 117 120 119 120 123 133 148 137 133 140 143 139 137 128 136 137 132 141 142 145 142 148 143 154 150 164 158 166 158 176 171 180 174 193 183 192 189 200 198 190 186 194 191 188 191 179 189 193 202 186 197 204 208 212 219 223 214 228 233 251 255 241 230 239 234 239 224 230 251 249 252 252 253 252 257 272 260 258 258 271 283 292 291 286 293 302 294 
0 0 0 0 0 0 0 0 3 1 0 6 10 9 15 35 39 69 86 91 84 85 100 98 109 101 112 122 120 117 125 128 119 135 127 126 142 143 131 147 137 145 135 140 135 133 136 139 140 147 145 127 145 142 143 126 132 133 120 130 136 137 127 133 129 127 124 150 149 141 137 146 136 154 149 142 140 157 159 157 156 172 163 171 171 184 191 185 193 195 185 182 177 186 182 193 183 191 180 180 185 180 195 192 200 211 216 217 223 222 234 233 246 232 250 256 266 288 264 296 
0 0 0 0 0 0 0 0 0 1 2 3 3 11 12 21 32 30 36 51 46 51 58 47 51 58 61 67 68 81 78 71 75 75 76 80 82 84 93 88 101 93 96 114 101 107 114 121 124 129 132 136 147 139 143 142 155 153 155 156 154 149 164 137 165 150 159 167 166 164 179 185 185 165 179 162 182 179 173 171 179 183 173 200 189 210 188 196 199 208 202 207 221 226 220 239 238 239 256 271 265 270 269 270 283 273 288 278 279 274 288 282 287 280 285 267 273 264 264 284 
0 0 0 0 0 0 0 0 6 1 0 1 3 1 1 12 17 21 54 62 70 75 82 91 93 80 94 91 82 82 67 81 86 89 95 86 96 88 91 91 99 93 87 87 95 103 100 107 112 107 109 104 98 108 100 120 114 109 110 119 124 128 141 132 142 156 172 166 159 169 174 163 177 178 180 177 189 193 184 182 185 193 190 192 203 221 205 228 223 213 230 221 224 239 218 219 237 224 216 220 227 240 240 243 242 246 243 251 253 263 244 247 256 261 259 256 258 292 279 275 
0 0 0 0 0 0 0 0 0 0 3 1 3 8 9 16 38 56 74 69 62 73 87 93 85 94 97 107 105 102 105 103 116 109 120 123 123 126 139 139 129 118 124 127 122 126 120 110 119 127 122 127 126 137 137 135 143 137 143 138 137 125 139 130 139 121 121 129 132 144 123 139 127 137 134 157 148 158 153 146 140 140 139 135 134 147 149 157 162 164 152 190 174 184 173 195 183 176 181 182 178 184 191 196 190 207 201 205 202 227 230 229 243 245 252 256 253 265 276 286 
0 0 0 0 0 0 0 0 0 0 0 0 0 5 8 18 14 24 36 34 74 71 70 87 80 92 92 101 100 107 115 120 114 117 108 99 97 93 93 101 104 104 105 115 118 114 105 126 123 139 128 130 122 130 134 136 123 132 125 135 125 130 127 129 131 137 145 130 137 141 139 153 147 163 182 164 159 174 168 172 173 183 175 185 192 173 181 176 183 177 193 181 178 193 203 196 206 198 215 214 211 231 243 241 262 260 275 275 285 291 289 294 288 297 298 311 305 325 312 315 
0 0 0 0 0 0 0 0 0 0 0 0 0 1 5 9 16 20 33 35 47 45 64 85 96 98 103 98 102 105 97 95 110 122 113 122 120 108 110 112 108 109 111 120 103 113 112 110 105 109 120 114 118 133 119 133 133 138 150 140 156 169 178 183 168 185 190 198 188 201 191 195 188 195 198 212 209 211 211 223 239 226 218 232 232 233 243 246 267 247 242 276 269 240 267 271 258 261 263 275 260 262 246 268 261 251 255 267 263 266 267 249 264 245 252 256 247 245 248 261 
0 0 0 0 0 0 0 0 0 0 0 0 0 4 0 0 12 25 32 40 58 66 97 65 77 83 90 91 75 81 98 95 93 88 86 87 91 106 104 101 101 115 120 122 125 124 128 119 142 149 152 156 166 171 174 160 181 184 178 165 165 163 148 163 152 147 165 158 171 177 181 181 181 169 163 159 162 176 180 186 178 189 197 187 201 205 200 195 207 208 204 213 213 231 231 235 245 277 266 260 258 264 266 266 271 260 275 262 265 265 287 309 314 313 311 303 311 315 313 314 
0 0 0 0 0 0 0 0 0 0 0 2 2 2 3 2 6 11 27 25 50 42 66 69 93 101 104 100 108 121 100 111 110 105 108 110 107 113 101 130 130 114 109 105 109 95 105 96 98 107 119 112 126 125 124 119 118 113 133 142 157 149 164 165 176 189 192 196 213 197 181 185 185 190 188 200 208 206 222 214 212 221 211 225 247 236 243 222 215 231 220 204 208 193 215 202 201 217 216 201 213 229 233 241 247 261 277 268 274 270 272 267 273 287 307 317 318 318 342 326 
0 0 0 0 0 0 0 0 0 0 0 0 0 0 0 0 8 11 8 13 26 51 56 79 68 60 74 90 93 115 124 128 134 131 147 145 137 144 153 146 140 145 160 159 156 150 140 128 125 135 137 136 132 129 121 128 127 128 132 132 122 123 130 137 143 140 143 159 152 155 166 176 175 177 193 199 213 190 200 209 205 202 221 218 229 240 241 228 240 256 249 260 259 253 257 255 245 273 267 278 272 268 297 255 271 274 272 271 273 278 267 271 262 279 281 271 292 269 281 274 
0 0 0 0 0 0 0 0 0 0 0 0 0 0 0 2 8 9 10 40 35 60 72 83 96 102 111 133 129 121 127 106 114 99 107 94 99 106 109 127 129 122 115 138 138 122 144 140 132 137 144 144 153 152 151 154 154 159 154 157 165 166 151 151 142 162 147 148 153 172 167 167 175 171 181 175 181 166 168 194 184 185 182 186 189 196 196 201 208 196 231 214 220 215 212 229 245 237 230 233 252 257 250 266 257 255 262 274 268 297 294 314 303 325 324 321 342 331 343 339 
0 0 0 0 0 0 0 0 0 0 0 0 0 0 8 5 8 6 11 24 41 47 40 58 52 63 70 91 86 99 95 114 105 123 137 135 133 137 138 129 124 121 125 130 143 130 146 148 150 146 162 144 141 158 157 157 151 149 150 154 170 166 158 169 168 161 173 171 180 187 174 161 186 167 163 157 168 165 185 181 186 197 206 213 199 213 214 216 229 224 229 221 225 231 234 232 236 236 262 254 241 258 272 273 286 264 268 276 277 280 285 278 278 297 287 298 303 278 290 277 
0 0 0 0 0 0 0 0 0 0 0 0 0 0 0 0 2 2 4 13 28 35 45 56 64 85 91 95 102 101 119 112 104 117 114 104 98 97 107 112 128 123 121 114 125 135 134 114 113 119 135 136 133 147 156 143 148 142 160 159 152 155 150 157 164 159 171 176 160 163 168 178 170 177 174 202 191 192 200 206 214 207 205 214 210 220 210 213 221 219 202 229 219 218 213 216 217 211 205 191 201 204 211 220 216 232 236 239 242 250 262 261 279 280 293 276 299 307 322 315 
0 0 0 0 0 0 0 0 0 0 0 0 0 0 0 0 0 0 1 5 8 16 26 28 44 48 61 70 80 107 119 110 130 130 126 142 145 161 155 158 151 161 168 163 155 169 150 163 154 142 161 160 166 154 157 160 167 159 163 180 163 173 164 180 173 179 168 183 185 192 200 203 208 227 223 226 230 223 236 229 223 235 230 240 233 213 230 217 220 217 213 220 200 214 208 215 220 205 222 227 241 229 231 267 253 250 256 237 244 237 233 239 231 242 244 248 260 243 252 256 
0 0 0 0 0 0 0 0 0 0 0 0 0 0 0 1 3 6 4 4 10 13 23 20 32 62 61 79 67 87 89 79 109 89 92 88 100 99 106 111 119 127 129 144 156 160 169 166 170 186 174 183 185 179 176 177 164 177 182 167 175 195 170 171 173 174 180 187 174 181 175 187 189 184 194 194 204 197 206 201 211 204 198 214 212 217 209 211 212 231 228 214 225 236 244 242 253 252 261 253 251 255 265 249 245 259 262 266 271 276 260 264 267 280 288 280 264 273 273 278 
0 0 0 0 0 0 0 0 0 0 0 0 0 0 0 0 0 0 0 0 6 8 11 15 23 31 50 43 61 78 89 116 124 132 140 144 141 141 131 156 145 133 134 141 136 143 130 126 123 121 124 132 136 131 130 125 136 131 146 149 157 158 172 160 175 161 166 166 174 144 151 155 161 161 161 172 183 170 166 195 192 186 205 198 212 225 225 234 231 242 237 233 241 222 221 227 229 240 239 255 261 264 273 274 274 293 304 285 279 306 302 316 300 309 318 307 320 322 324 354 
0 0 0 0 0 0 0 0 0 0 0 0 0 0 0 0 0 0 0 0 1 11 12 17 22 24 34 43 47 70 76 74 78 92 87 99 98 82 95 87 88 90 99 90 97 110 113 136 139 140 125 136 133 131 130 134 135 144 135 134 147 144 144 139 145 155 155 155 157 172 168 163 164 177 187 169 192 192 206 201 212 220 221 215 218 209 211 208 210 212 228 210 216 241 234 228 232 244 247 235 249 247 277 259 281 260 270 284 279 282 298 288 297 308 291 329 317 328 325 323 
0 0 0 0 0 0 0 0 0 0 0 0 0 0 0 0 0 0 0 0 3 2 4 8 13 22 26 31 50 51 68 72 76 98 89 94 110 109 120 125 118 127 138 126 137 140 142 123 130 138 128 132 131 136 135 143 144 150 149 152 162 168 172 174 172 168 147 162 163 166 176 174 188 188 191 199 196 218 218 225 215 217 217 219 237 243 252 253 270 248 276 268 263 278 287 284 290 268 292 280 274 266 274 252 258 269 276 268 287 267 277 267 268 288 285 298 297 303 283 313 
0 0 0 0 0 0 0 0 0 0 0 0 0 0 0 0 0 0 0 3 7 12 9 13 20 20 24 39 38 49 56 60 66 79 90 95 106 130 128 134 117 134 130 129 141 153 163 171 181 180 194 186 178 178 177 168 195 187 197 213 198 209 196 207 213 202 207 214 211 214 209 203 204 213 212 202 207 206 202 193 205 197 212 206 200 199 208 185 194 203 197 211 228 213 212 207 196 193 191 189 199 211 212 223 223 228 239 234 238 240 239 275 257 266 266 251 244 264 248 272 
0 0 0 0 0 0 0 0 0 0 0 0 0 0 0 0 0 0 0 2 0 0 4 3 11 11 15 18 22 26 50 57 66 79 87 89 115 112 119 119 142 122 139 152 146 145 143 128 134 135 148 152 156 156 156 153 167 162 171 168 160 180 167 171 163 174 180 183 182 185 204 195 202 196 222 200 204 199 203 214 201 222 212 215 211 245 237 249 275 261 277 263 264 252 253 263 258 276 279 293 279 287 286 268 276 267 278 260 263 255 267 267 270 275 271 282 275 278 298 316 
0 0 0 0 0 0 0 0 0 0 0 0 0 0 0 0 0 0 1 3 2 2 4 6 11 11 14 27 40 37 51 45 55 52 75 81 80 85 92 100 88 76 84 92 94 87 105 117 118 139 119 136 134 142 141 152 157 148 152 174 176 174 182 179 176 177 183 192 192 185 183 198 185 191 197 195 197 183 188 178 184 176 184 175 194 191 207 201 193 210 217 203 188 210 214 216 220 226 225 226 248 233 242 243 235 249 252 265 265 277 288 298 298 283 293 294 314 306 298 288 
0 0 0 0 0 0 0 0 0 0 0 0 0 0 0 0 0 0 2 0 0 3 2 3 9 14 14 15 18 14 31 24 23 38 48 58 68 71 71 76 70 110 101 122 130 138 131 127 132 131 131 127 122 124 140 133 145 136 120 132 128 123 131 152 147 166 153 161 152 167 160 181 186 186 169 194 185 191 200 195 214 195 202 216 199 221 223 224 246 233 231 265 265 272 269 259 264 260 270 249 260 261 263 260 270 272 270 260 274 279 273 281 268 280 271 291 283 302 314 319 
0 0 0 0 0 0 0 0 0 0 0 0 0 0 0 0 0 0 0 0 0 0 0 0 0 9 3 9 10 17 16 22 32 30 31 44 44 50 62 73 90 106 109 108 105 126 128 140 138 123 119 126 133 153 141 149 143 148 161 153 155 165 147 139 137 142 146 139 157 164 158 166 155 160 159 170 163 170 164 183 186 182 182 203 189 201 193 213 206 194 197 197 204 221 219 230 223 229 232 236 239 241 240 245 244 236 245 241 244 258 255 246 249 255 266 273 272 288 277 280 
0 0 0 0 0 0 0 0 0 0 0 0 0 0 0 0 0 0 0 0 0 0 0 0 0 0 0 0 13 20 19 28 23 36 33 42 42 52 49 59 64 60 67 72 74 84 80 96 121 128 165 160 158 143 160 155 135 147 143 144 144 153 165 149 182 168 191 187 172 175 173 184 185 167 176 171 176 183 196 195 195 207 188 192 192 185 194 167 183 188 193 199 194 198 197 182 183 179 182 189 192 223 217 233 234 212 226 242 245 253 257 278 288 280 267 302 288 287 291 280 
0 0 0 0 0 0 0 0 0 0 0 0 0 0 0 0 0 0 0 0 0 0 0 0 0 0 0 0 0 3 4 8 10 14 13 16 23 19 29 43 60 58 64 69 90 104 92 83 106 93 88 97 112 107 112 115 131 138 127 139 137 135 133 133 147 140 142 160 163 151 150 156 146 154 147 149 165 165 159 159 160 159 155 162 159 158 146 171 160 171 173 180 198 203 198 196 206 219 221 221 215 227 233 230 249 244 253 272 263 288 285 280 288 286 297 288 291 297 314 278 
0 0 0 0 0 0 0 0 0 0 0 0 0 0 0 0 0 0 0 0 0 0 0 0 0 0 0 0 2 3 6 5 8 12 19 13 21 27 30 31 25 36 37 38 34 45 48 69 69 75 80 85 86 94 108 111 125 125 136 138 136 129 128 127 141 144 139 144 150 170 180 167 195 180 175 177 165 178 183 189 177 177 174 180 181 175 195 177 188 186 193 181 191 195 185 216 225 226 228 225 230 233 246 226 227 222 225 227 240 229 243 244 264 233 240 254 255 272 273 283 
0 0 0 0 0 0 0 0 0 0 0 0 0 0 0 0 0 0 0 0 0 0 0 0 0 0 0 4 2 2 3 8 4 4 11 16 21 21 18 24 29 35 40 51 55 62 57 60 55 63 69 83 80 85 79 82 87 98 104 99 115 124 119 124 113 109 130 131 129 131 123 136 114 134 150 168 174 172 169 167 171 175 186 199 196 202 209 217 215 215 202 217 220 212 211 215 218 224 242 232 248 245 240 245 264 245 258 270 263 284 265 281 271 266 279 274 279 270 279 276 
0 0 0 0 0 0 0 0 0 0 0 0 0 0 0 0 0 0 0 0 0 0 0 0 0 0 1 3 3 4 6 4 11 14 10 9 5 7 7 16 18 24 25 27 28 27 28 44 49 65 63 76 67 85 90 95 97 97 105 100 112 103 93 109 128 130 138 150 149 154 155 164 165 181 168 178 187 188 183 190 183 183 183 187 191 194 184 195 222 207 217 224 211 229 224 231 225 235 224 227 227 226 228 227 238 238 239 242 230 247 249 249 251 272 265 270 281 272 283 307 
0 0 0 0 0 0 0 0 0 0 0 0 0 0 0 0 0 0 0 0 0 0 0 0 0 0 0 0 3 2 3 2 2 9 3 2 2 4 9 17 16 18 21 16 21 32 30 37 45 40 45 54 63 68 75 81 93 97 92 107 91 86 89 109 103 123 127 136 136 156 144 172 160 183 191 186 192 194 185 204 201 196 228 214 214 215 227 219 213 229 239 236 235 241 240 238 248 242 244 251 248 249 236 245 234 246 240 257 248 257 258 271 277 262 260 269 255 289 285 273 
0 0 0 0 0 0 0 0 0 0 0 0 0 3 2 0 0 0 0 0 0 0 0 0 0 0 0 0 4 0 0 0 3 2 3 2 7 9 8 11 14 15 14 15 14 11 19 17 27 31 30 37 39 36 34 39 38 38 46 43 51 44 59 62 66 71 88 101 127 131 139 148 156 163 165 167 143 159 149 158 152 146 152 155 163 163 158 156 167 168 161 179 193 201 207 208 218 228 232 233 243 244 259 277 276 272 270 279 285 288 286 292 289 277 302 321 319 339 349 358 
0 0 0 0 0 0 0 0 0 0 0 0 0 0 0 0 0 0 0 0 0 0 0 0 0 0 0 0 2 3 2 3 0 0 0 0 0 0 0 3 5 3 4 7 8 7 8 12 10 15 12 20 24 24 30 27 40 36 38 35 37 33 51 67 76 96 113 155 184 166 172 185 179 185 180 192 196 198 198 181 186 185 195 203 195 205 220 220 212 208 222 202 196 180 179 184 186 166 168 162 168 178 163 191 173 191 216 217 218 236 227 248 237 237 235 242 240 251 247 268 
0 0 0 0 0 0 0 0 0 0 0 0 0 0 0 0 0 0 0 0 0 0 0 0 0 0 0 0 0 0 0 0 0 0 0 0 5 3 1 1 3 3 6 3 3 2 8 10 14 13 17 15 24 26 23 27 18 16 20 28 30 23 34 47 40 54 69 99 101 135 148 151 155 179 167 171 163 161 162 175 162 173 172 181 187 172 197 180 171 170 167 191 189 201 206 219 231 229 247 244 270 263 272 260 266 258 239 240 240 229 234 232 237 248 246 257 258 264 273 286 
0 0 0 0 0 0 0 0 0 0 0 0 0 0 0 0 0 0 0 0 0 0 0 0 0 0 0 0 0 0 0 0 0 0 0 0 0 0 0 0 0 1 2 3 2 3 3 2 4 1 0 2 8 8 11 5 7 6 11 9 12 13 23 25 45 52 70 107 128 135 161 156 151 170 168 168 180 186 196 186 190 207 190 192 198 206 211 204 239 241 259 253 247 233 236 253 246 265 247 256 255 260 260 281 285 290 305 319 294 297 292 310 300 309 298 304 305 291 292 285 
0 0 0 0 0 0 0 0 0 0 0 0 0 0 0 0 0 0 0 0 0 0 0 0 0 0 0 0 0 0 0 0 0 0 0 3 3 5 5 3 4 2 0 0 0 0 0 0 2 5 7 7 9 4 6 8 13 10 12 15 7 9 10 15 31 52 77 108 116 154 154 159 129 130 134 131 125 126 135 151 138 143 134 146 147 157 167 154 149 170 175 184 191 180 177 186 177 209 212 210 216 196 216 220 210 200 187 217 222 218 222 230 231 249 249 243 265 273 291 289 
0 0 0 0 0 0 0 0 0 0 0 0 0 0 0 0 0 0 0 0 0 0 0 0 0 0 0 0 0 0 0 0 0 2 2 0 0 0 0 0 0 0 0 0 0 2 3 2 4 1 0 0 0 6 5 4 4 5 7 4 6 8 5 12 31 34 54 73 100 119 146 142 164 150 156 157 178 156 158 151 168 164 161 175 170 173 182 188 191 191 199 181 201 225 215 223 240 226 223 223 237 238 248 228 235 249 251 252 251 258 251 250 251 252 251 249 260 261 257 268 
0 0 0 0 0 0 0 0 0 0 0 0 0 0 0 0 0 0 0 2 1 0 0 0 0 0 0 0 0 0 0 0 0 0 0 0 0 0 0 0 0 0 0 0 0 0 0 0 0 0 0 0 2 3 2 0 0 5 6 5 6 18 11 14 25 40 53 69 76 103 116 131 128 145 143 140 127 144 147 147 144 168 167 167 183 175 193 199 209 220 203 215 203 203 218 222 214 224 213 222 235 231 230 253 253 251 260 233 245 252 250 253 240 261 257 257 247 263 252 268 
0 0 0 0 0 0 0 0 0 0 0 0 0 0 0 3 2 3 3 0 0 0 0 0 0 0 0 0 0 0 0 0 0 0 0 0 0 0 0 0 0 0 0 0 0 0 0 0 0 1 4 5 4 2 2 6 9 5 4 5 2 3 9 21 24 40 68 98 96 108 119 129 121 121 124 132 135 143 149 154 150 152 149 155 154 152 147 167 168 170 160 169 173 181 166 166 176 178 184 197 190 198 191 215 201 207 219 234 236 231 240 238 256 243 252 247 252 265 268 271 
0 0 0 0 0 0 0 0 0 0 0 0 0 0 0 0 0 0 0 0 0 0 0 0 0 0 0 0 0 0 0 0 0 0 0 0 0 0 0 0 0 0 0 0 0 0 1 2 2 2 1 0 0 5 6 5 3 6 4 2 2 1 1 6 9 31 46 70 74 90 120 122 145 151 151 157 162 153 154 160 172 170 167 169 171 172 179 159 148 169 170 169 171 169 180 184 200 202 190 197 198 214 234 212 226 239 249 247 238 253 245 255 259 278 278 273 271 298 284 302 
0 0 0 0 0 0 0 0 0 0 0 0 0 0 0 0 0 0 0 0 0 0 0 0 0 0 0 0 0 0 0 0 0 0 0 0 0 0 0 0 0 0 0 0 3 3 2 2 2 3 2 3 6 1 0 3 2 0 0 0 2 2 12 10 15 31 49 92 93 132 144 142 144 156 162 166 152 147 154 160 163 172 169 179 159 169 181 181 193 183 189 188 197 189 202 196 181 193 200 209 208 222 216 215 205 223 218 243 241 242 247 256 257 252 249 255 252 272 264 284 
0 0 0 0 0 0 0 0 0 0 0 0 0 0 0 0 0 0 0 0 0 0 0 0 0 0 0 0 0 0 0 0 0 0 0 0 0 0 0 0 0 2 5 5 3 3 2 1 0 0 3 3 0 0 1 0 0 0 0 2 0 3 4 9 18 36 69 75 100 114 127 144 143 158 168 170 191 189 192 205 188 191 179 185 195 195 192 186 184 190 193 198 199 198 200 215 204 198 187 206 193 197 189 202 208 219 201 204 206 202 201 207 201 206 206 201 208 213 212 229 
0 0 0 0 0 0 0 0 0 0 0 0 0 0 0 0 0 0 0 0 0 0 0 0 0 0 0 0 0 0 0 0 0 0 0 0 0 0 5 4 5 4 0 0 0 0 0 0 1 3 0 0 0 0 0 0 0 0 0 0 0 0 4 13 33 49 66 93 135 131 137 159 169 166 182 154 160 137 131 129 144 136 146 156 161 170 178 185 205 192 186 193 189 189 188 196 188 211 234 235 241 236 242 255 256 248 250 264 265 273 275 264 282 273 280 286 270 271 279 282 
0 0 0 0 0 0 0 0 0 0 0 0 0 0 0 0 0 0 0 0 0 0 0 0 0 0 0 0 0 0 0 0 0 0 0 3 2 3 0 0 0 0 0 2 3 0 0 3 2 0 0 0 0 3 0 0 2 2 3 3 2 4 7 7 22 29 44 69 99 122 137 143 167 165 173 181 191 192 200 181 193 188 166 187 186 177 169 179 177 180 183 176 187 200 207 213 203 225 204 212 204 218 210 218 213 222 229 233 230 252 239 239 245 253 279 248 267 275 283 279 
0 0 0 0 0 0 0 0 0 0 0 0 0 0 0 0 0 0 0 0 0 0 0 0 0 0 0 0 0 0 0 0 0 3 2 0 0 0 0 0 0 0 5 0 0 4 2 0 0 0 2 5 5 2 2 3 1 0 2 3 3 1 2 14 14 15 49 66 109 123 142 146 160 167 171 160 168 178 200 191 198 188 204 226 223 210 203 221 206 211 203 207 219 199 202 201 202 201 219 192 212 233 220 219 210 221 215 225 226 230 228 252 250 241 252 267 272 274 279 276 
0 0 0 0 0 0 0 0 0 0 0 0 0 0 0 0 0 0 0 0 0 0 0 0 0 0 0 0 0 0 0 0 0 0 0 0 0 0 0 0 0 0 0 3 2 2 3 2 4 7 2 0 0 0 0 2 4 1 1 0 0 0 5 5 19 44 48 63 72 99 111 130 136 137 142 146 148 137 141 147 151 154 131 145 142 166 165 167 169 187 179 185 183 189 211 211 213 220 215 215 219 211 207 206 215 194 195 216 203 199 197 215 209 215 197 214 209 209 224 246 
0 0 0 0 0 0 0 0 0 0 0 0 0 0 0 0 0 0 0 0 0 0 0 0 0 0 0 0 0 0 0 0 0 0 0 0 0 0 0 0 0 2 2 3 3 0 2 3 1 0 0 0 0 0 3 0 0 0 0 0 0 0 0 3 19 34 57 91 100 125 125 126 123 138 142 154 148 159 168 153 154 155 174 177 166 181 175 181 194 177 178 189 207 187 177 180 188 183 218 215 218 218 208 203 210 202 201 212 207 223 268 238 244 254 253 261 270 272 253 267 
0 0 0 0 0 0 0 0 0 0 0 0 0 0 0 0 0 0 0 0 0 0 0 0 0 0 0 0 0 0 0 0 0 0 0 0 0 0 0 0 0 1 0 0 3 2 1 0 0 0 0 0 0 0 0 0 0 0 0 0 0 0 5 7 13 18 36 56 90 111 126 150 150 137 135 136 128 139 135 131 126 133 137 136 150 154 169 188 170 197 189 213 196 197 197 199 217 194 203 212 223 221 215 243 239 230 242 231 244 246 239 242 237 247 245 258 263 268 266 261 
0 0 0 0 0 0 0 0 0 0 0 0 0 0 0 0 0 0 0 0 0 0 0 0 0 0 0 0 0 0 0 0 0 0 0 0 0 0 0 0 0 0 3 3 0 0 0 0 0 0 0 0 0 0 0 0 0 0 0 0 0 1 1 4 13 40 59 69 98 113 132 141 145 145 151 148 161 161 162 143 155 166 150 166 163 167 176 175 191 194 207 205 219 221 232 239 235 235 235 240 243 235 226 224 215 227 226 231 227 242 236 256 260 262 266 245 259 253 258 271 
0 0 0 0 0 0 0 0 0 0 0 0 0 0 0 0 0 0 0 0 0 0 0 0 0 0 0 0 0 0 0 0 0 0 0 0 0 0 0 0 3 2 0 0 0 0 0 0 0 0 0 0 0 0 0 0 0 0 0 0 0 4 12 6 9 28 48 66 87 107 117 134 114 118 132 128 137 146 140 154 154 166 179 182 192 195 192 201 190 197 190 194 185 181 187 172 175 184 190 197 216 211 224 218 227 198 207 232 232 249 256 272 267 256 264 254 262 268 278 278 
0 0 0 0 0 0 0 0 0 0 0 0 0 0 0 0 0 0 0 0 0 0 0 0 0 0 0 0 0 0 0 0 0 0 0 0 0 1 2 3 0 0 0 0 0 0 0 0 0 0 0 0 0 0 0 0 0 0 0 0 0 0 8 14 19 41 75 98 127 141 157 178 197 191 182 196 163 166 186 180 179 180 197 188 195 187 185 182 194 200 199 206 224 235 226 241 226 234 231 248 228 242 242 237 245 266 259 257 255 258 246 249 237 250 249 248 254 263 268 282 
0 0 0 0 0 0 0 0 0 0 0 0 0 0 0 0 0 0 0 0 0 0 0 0 0 0 0 0 0 0 0 0 0 0 0 1 2 3 0 0 0 0 0 0 0 0 0 0 0 0 0 0 0 0 0 0 0 0 0 0 0 0 1 11 17 25 50 96 109 135 128 133 144 147 134 137 137 135 131 133 135 123 143 130 140 142 141 147 159 173 176 174 185 179 184 179 183 192 197 190 186 202 189 196 193 216 205 205 195 230 221 233 237 229 229 236 238 241 241 240 
0 0 0 0 0 0 0 0 0 0 0 0 0 0 0 0 0 0 0 0 0 0 0 0 0 0 0 0 0 0 0 0 0 2 3 2 0 0 0 0 0 0 0 0 0 0 0 0 0 0 0 0 0 0 0 0 0 0 0 0 0 0 3 6 24 29 53 78 100 115 152 162 167 168 171 161 164 170 164 170 179 168 184 191 197 204 199 191 196 194 182 173 175 193 187 208 189 186 187 197 191 198 197 216 212 224 211 233 232 232 232 244 251 257 255 259 246 269 246 248 
0 0 0 0 0 0 0 0 0 0 0 0 0 0 0 0 0 0 0 0 0 0 0 0 0 0 0 0 0 0 0 3 2 1 0 0 0 0 0 0 0 0 0 0 0 0 0 0 0 0 0 0 0 0 0 0 0 0 0 0 0 0 4 11 15 28 65 80 100 108 131 135 143 138 134 130 143 155 154 153 160 176 176 165 190 179 187 189 191 206 212 211 215 227 230 243 247 256 248 232 261 250 250 255 265 260 271 247 251 256 242 266 252 252 262 271 275 275 289 299 
0 0 0 0 0 0 0 0 0 0 0 0 0 0 0 0 0 0 0 0 0 0 0 0 0 0 0 0 1 3 2 0 0 0 0 0 0 0 0 0 0 0 0 0 0 0 0 0 0 0 0 0 0 0 0 0 0 0 0 0 0 0 0 6 12 27 60 60 78 98 111 119 110 119 124 130 129 131 127 132 139 144 141 141 138 146 168 158 155 176 185 184 182 196 199 196 207 218 240 241 237 252 250 267 268 262 288 280 306 313 314 325 320 311 318 316 317 312 314 337 
0 0 0 0 0 0 0 0 0 0 0 0 0 0 0 0 0 0 0 0 0 0 0 0 0 0 1 2 3 0 0 0 0 0 0 0 0 0 0 0 0 0 0 0 0 0 0 0 0 0 0 0 0 0 0 0 0 0 0 0 0 0 4 5 7 36 36 73 112 98 116 126 122 150 149 141 146 142 136 146 140 153 148 152 160 165 163 161 171 192 183 201 172 187 193 184 180 189 190 185 192 195 204 202 208 216 237 235 249 257 266 255 271 286 282 295 305 291 298 285 
0 0 0 0 0 0 0 0 0 0 0 0 0 0 0 0 0 0 0 0 0 0 0 0 2 2 2 0 0 0 0 0 0 0 0 0 0 0 0 0 0 0 0 0 0 0 0 0 0 0 0 0 0 0 0 0 0 0 0 0 0 1 4 6 14 47 64 102 113 120 134 138 150 147 153 169 160 153 173 165 159 164 157 148 165 165 176 200 186 185 194 205 206 225 215 210 199 230 228 237 240 243 231 236 228 238 240 230 243 248 246 250 267 250 262 271 276 290 293 302 
0 0 0 0 0 0 0 0 0 0 0 0 0 0 0 0 0 0 0 0 0 0 3 3 1 0 0 0 0 0 0 0 0 0 0 0 0 0 0 0 0 0 0 0 0 0 0 0 0 0 0 0 0 0 0 0 0 0 0 0 1 3 2 6 32 37 60 89 114 136 141 146 158 155 171 176 179 170 183 166 171 176 182 173 173 182 187 190 193 205 201 194 201 202 196 211 208 232 211 213 211 218 209 219 214 233 244 233 252 245 251 233 233 254 254 256 261 264 269 284 
0 0 0 0 0 0 0 0 0 0 0 0 0 0 0 0 0 0 0 0 0 0 0 0 0 0 0 0 0 0 0 0 0 0 0 0 0 0 0 0 0 0 0 0 0 0 0 0 0 0 0 0 0 0 0 0 0 0 2 2 2 0 2 4 4 13 55 77 100 138 153 173 152 180 166 163 174 175 171 170 168 184 182 197 182 191 188 180 188 187 202 190 200 204 201 195 179 184 200 204 207 213 228 207 237 231 247 234 243 232 249 248 261 273 292 277 282 291 300 299 
0 0 0 0 0 0 0 0 0 0 0 0 0 0 0 0 0 0 0 0 0 0 0 0 0 0 0 0 0 0 0 0 0 0 0 0 0 0 0 0 0 0 0 0 0 0 0 0 0 0 0 0 0 0 0 0 0 0 0 0 0 0 5 8 12 25 38 58 60 69 87 104 122 116 143 126 133 143 145 155 153 162 165 177 176 193 206 201 200 195 197 207 197 202 209 207 207 228 241 250 248 248 259 306 289 292 305 290 297 310 310 301 299 285 298 294 311 326 332 304 
0 0 0 0 0 0 0 0 0 0 0 0 0 0 0 0 0 0 0 0 0 0 0 0 0 0 0 0 0 0 0 0 0 0 0 0 0 0 0 0 0 0 0 0 0 0 0 0 0 0 0 0 0 0 0 0 0 0 0 0 0 0 0 5 11 32 54 80 104 137 129 138 147 171 164 162 170 159 159 153 150 163 162 159 161 168 168 183 194 210 204 189 189 195 198 201 213 202 191 171 178 203 188 219 200 206 216 205 208 202 219 230 244 258 267 261 279 277 287 306 
0 0 0 0 0 0 0 0 0 0 0 0 0 0 0 0 0 0 0 0 0 0 0 0 0 0 0 0 0 0 0 0 0 0 0 0 0 0 0 0 0 0 0 0 0 0 0 0 0 0 0 0 0 0 0 0 0 0 0 0 0 0 0 8 26 56 94 109 122 166 192 164 166 173 186 178 163 164 163 169 171 176 181 189 191 196 197 195 196 205 207 232 234 246 237 239 230 227 253 278 291 273 281 270 272 262 268 265 271 263 274 268 270 258 266 267 262 251 251 256 
0 0 0 0 0 0 0 0 0 0 0 0 0 0 0 0 0 0 0 0 0 0 0 0 0 0 0 0 0 0 0 0 0 0 0 0 0 0 0 0 0 0 0 0 0 0 0 0 0 0 0 0 0 0 0 0 0 0 0 0 0 0 2 2 14 23 48 64 75 134 130 153 174 185 184 193 204 210 206 216 218 207 209 227 212 203 189 182 187 167 184 183 177 180 185 194 203 201 200 179 179 183 199 222 218 232 241 240 250 255 264 263 271 288 290 284 299 283 303 278 
0 0 0 0 0 0 0 0 0 0 0 0 0 0 0 0 0 0 0 0 0 0 0 0 0 0 0 0 0 0 0 0 0 0 0 0 0 0 0 0 0 0 0 0 0 0 0 0 0 0 0 0 0 0 0 0 0 0 0 0 0 2 5 11 20 39 54 60 99 94 126 149 148 151 159 168 158 166 162 158 153 166 163 155 162 158 171 179 191 183 190 183 205 201 209 205 216 208 219 216 219 220 212 211 207 220 210 206 215 214 222 214 229 214 219 232 232 240 267 259 
0 0 0 0 0 0 0 0 0 0 0 0 0 0 0 0 0 0 0 0 0 0 0 0 0 0 0 0 0 0 0 0 0 0 0 0 0 0 0 0 0 0 0 0 0 0 0 0 0 0 0 0 0 0 0 0 0 0 0 0 0 5 4 9 23 64 55 102 78 111 127 145 136 126 141 148 147 149 150 147 158 163 177 180 180 191 176 187 187 185 198 175 200 202 206 225 220 216 218 226 241 243 242 254 260 263 269 263 266 268 267 289 282 289 300 281 291 290 289 296 
0 0 0 0 0 0 0 0 0 0 0 0 0 0 0 0 0 0 0 0 0 0 0 0 0 0 0 0 0 0 0 0 0 0 0 0 0 0 0 0 0 0 0 0 0 0 0 0 0 0 0 0 0 0 0 0 0 0 0 0 0 0 3 0 16 28 63 73 110 117 128 129 152 140 145 163 158 166 158 164 165 171 164 162 167 182 178 194 189 202 201 207 194 193 196 202 203 208 209 205 218 230 241 241 238 252 246 241 255 241 237 269 250 271 255 283 272 267 261 263 
0 0 0 0 0 0 0 0 0 0 0 0 0 0 0 0 0 0 0 0 0 0 0 0 0 0 0 0 0 0 0 0 0 0 0 0 0 0 0 0 0 0 0 0 0 0 0 0 0 0 0 0 0 0 0 0 0 0 0 0 3 2 7 6 15 36 43 80 90 116 116 133 146 142 168 175 175 168 177 181 173 174 173 183 185 192 184 202 194 194 196 203 219 206 205 211 212 225 231 234 245 228 225 235 225 222 242 235 241 256 254 247 247 263 251 269 267 299 294 291 
0 0 0 0 0 0 0 0 0 0 0 0 0 0 0 0 0 0 0 0 0 0 0 0 0 0 0 0 0 0 0 0 0 0 0 0 0 0 0 0 0 0 0 0 0 0 0 0 0 0 0 0 0 0 0 0 0 0 0 0 0 0 2 15 20 53 49 85 94 108 123 124 127 135 134 140 154 139 151 155 164 175 159 169 172 175 172 180 172 170 182 163 168 175 180 181 189 173 179 167 161 162 176 175 167 174 178 181 186 204 212 207 213 214 221 220 240 242 254 240 
0 0 0 0 0 0 0 0 0 0 0 0 0 0 0 0 0 0 0 0 0 0 0 0 0 0 0 0 0 0 0 0 0 0 0 0 0 0 0 0 0 0 0 0 0 0 0 0 0 0 0 0 0 0 0 0 0 0 0 0 0 0 3 4 32 38 57 76 93 133 135 134 141 128 135 135 140 133 144 152 147 146 140 133 128 128 153 143 150 143 153 150 168 177 176 202 203 212 219 237 244 241 239 238 248 252 262 250 257 253 245 242 234 239 235 227 224 220 228 223 
0 0 0 0 0 0 0 0 0 0 0 0 0 0 0 0 0 0 0 0 0 0 0 0 0 0 0 0 0 0 0 0 0 0 0 0 0 0 0 0 0 0 0 0 0 0 0 0 0 0 0 0 0 0 0 0 0 0 0 0 0 0 3 8 24 24 39 65 101 100 104 107 112 107 103 104 104 118 128 143 140 148 161 164 176 177 195 190 197 214 211 234 215 217 220 228 230 221 224 214 208 220 233 235 228 241 221 252 247 259 261 256 262 271 285 275 272 279 280 299 
0 0 0 0 0 0 0 0 0 0 0 0 0 0 0 0 0 0 0 0 0 0 0 0 0 0 0 0 0 0 0 0 0 0 0 0 0 0 0 0 0 0 0 0 0 0 0 0 0 0 0 0 0 0 0 0 0 0 0 0 0 0 9 12 27 42 47 58 69 84 93 96 96 111 108 116 122 135 147 136 143 157 159 140 154 165 173 180 164 161 177 157 166 170 163 179 165 174 187 184 200 222 212 202 217 202 210 220 226 231 232 237 256 235 259 258 284 275 279 276 
0 0 0 0 0 0 0 0 0 0 0 0 0 0 0 0 0 0 0 0 0 0 0 0 0 0 0 0 0 0 0 0 0 0 0 0 0 0 0 0 0 0 0 0 0 0 0 0 0 0 0 0 0 0 0 0 0 0 0 0 0 0 9 23 31 50 54 65 80 73 100 88 94 101 116 114 131 124 132 160 162 156 175 184 186 190 191 195 192 200 217 213 218 230 239 223 224 249 238 231 225 236 253 264 263 277 275 296 290 288 270 283 298 278 304 289 298 304 306 309 
0 0 0 0 0 0 0 0 0 0 0 0 0 0 0 0 0 0 0 0 0 0 0 0 0 0 0 0 0 0 0 0 0 0 0 0 0 0 0 0 0 0 0 0 0 0 0 0 0 0 0 0 0 0 0 0 0 0 0 0 0 0 0 2 9 12 17 30 44 57 62 66 68 67 74 72 74 84 84 99 87 111 124 118 116 129 126 152 139 155 162 182 185 184 185 201 208 202 207 211 205 192 200 220 203 205 217 218 254 229 238 234 230 239 233 239 240 219 234 235 
0 0 0 0 0 0 0 0 0 0 0 0 0 0 0 0 0 0 0 0 0 0 0 0 0 0 0 0 0 0 0 0 0 0 0 0 0 0 0 0 0 0 0 0 0 0 0 0 0 0 0 0 0 0 0 0 0 0 0 0 0 0 0 2 3 2 8 18 28 41 41 40 41 42 39 41 53 51 54 76 71 79 80 90 104 105 126 133 140 154 147 140 145 147 157 157 165 158 160 175 172 157 172 189 193 199 201 190 190 210 221 218 224 220 232 231 236 243 253 249 
0 0 0 0 0 0 0 0 0 0 0 0 0 0 0 0 0 0 0 0 0 0 0 0 0 0 0 0 0 0 0 0 0 0 0 0 0 0 0 0 0 0 0 0 0 0 0 0 0 0 0 0 0 0 0 0 0 0 0 0 0 0 0 0 0 10 14 12 21 23 22 28 37 30 35 33 35 36 36 43 46 54 55 55 70 79 98 91 90 97 107 102 118 117 128 139 150 146 152 158 156 177 150 163 160 168 182 184 184 193 204 193 199 216 204 215 215 220 224 239 
0 0 0 0 0 0 0 0 0 0 0 0 0 0 0 0 0 0 0 0 0 0 0 0 0 0 0 0 0 0 0 0 0 0 0 0 0 0 0 0 0 0 0 0 0 0 0 0 0 0 0 0 0 0 0 0 0 0 0 0 0 0 0 0 0 3 6 18 13 15 17 14 19 28 30 36 37 37 49 59 78 58 61 79 80 81 97 90 114 106 96 122 149 142 159 144 158 155 154 144 160 178 170 191 177 183 175 185 175 192 195 205 214 208 212 231 218 221 220 240 
0 0 0 0 0 0 0 0 0 0 0 0 0 0 0 0 0 0 0 0 0 0 0 0 0 0 0 0 0 0 0 0 0 0 0 0 0 0 0 0 0 0 0 0 0 0 0 0 0 0 0 0 0 0 0 0 0 0 0 0 0 0 0 0 0 3 3 12 14 17 15 20 18 6 13 18 23 27 24 38 35 41 44 53 61 79 86 83 102 107 116 126 132 137 133 156 158 159 163 154 154 154 164 178 167 166 172 192 183 186 198 204 208 200 196 213 212 218 224 230 
0 0 0 0 0 0 0 0 0 0 0 0 0 0 0 0 0 0 0 0 0 0 0 0 0 0 0 0 0 0 0 0 0 0 0 0 0 0 0 0 0 0 0 0 0 0 0 0 0 0 0 0 0 0 0 0 0 0 0 0 0 0 0 0 0 0 2 2 5 7 9 14 15 15 12 14 9 12 16 16 16 17 27 31 38 30 38 49 63 62 65 112 117 115 132 147 149 159 151 175 180 167 176 173 191 186 191 189 198 198 190 199 194 186 205 198 205 214 225 250 
0 0 0 0 0 0 0 0 0 0 0 0 0 0 0 0 0 0 0 0 0 0 0 0 0 0 0 0 0 0 0 0 0 0 0 0 0 0 0 0 0 0 0 0 0 0 0 0 0 0 0 0 0 0 0 0 0 0 0 0 0 0 0 0 0 1 4 6 6 6 6 6 4 3 0 0 0 2 6 11 17 11 10 12 6 14 36 34 41 46 63 70 68 82 108 108 118 118 122 132 141 157 145 153 171 168 169 175 178 171 176 199 182 195 194 209 218 219 227 236 
0 0 0 0 0 0 0 0 0 0 0 0 0 0 0 0 0 0 0 0 0 0 0 0 0 0 0 0 0 0 0 0 0 0 0 0 0 0 0 0 0 0 0 0 0 0 0 0 0 0 0 0 0 0 0 0 0 0 0 0 0 0 0 0 0 0 0 0 0 0 0 0 0 0 0 3 2 0 0 0 0 3 6 7 10 14 12 19 17 21 33 52 61 62 89 109 116 133 129 173 152 146 157 157 158 149 173 191 206 205 193 214 208 219 221 217 214 221 210 224 
0 0 0 0 0 0 0 0 0 0 0 0 0 0 0 0 0 0 0 0 0 0 0 0 0 0 0 0 0 0 0 0 0 0 0 0 0 0 0 0 0 0 0 0 0 0 0 0 0 0 0 0 0 0 0 0 0 0 0 0 0 0 0 0 0 0 1 0 0 0 0 0 0 0 2 5 3 3 5 7 7 4 3 0 0 0 3 11 19 24 36 53 71 73 96 123 150 159 175 179 170 164 171 162 162 154 160 141 173 167 175 181 179 183 176 171 172 164 163 173 
0 0 0 0 0 0 0 0 0 0 0 0 0 0 0 0 0 0 0 0 0 0 0 0 0 0 0 0 0 0 0 0 0 0 0 0 0 0 0 0 0 0 0 0 0 0 0 0 0 0 0 0 0 0 0 0 0 0 0 0 0 0 0 0 0 1 1 0 0 0 0 4 1 6 6 3 3 2 8 0 3 0 0 0 0 0 2 2 2 11 28 33 60 67 65 88 109 140 127 131 123 146 146 159 175 181 177 192 185 190 178 196 181 188 178 185 185 198 207 208 
0 0 0 0 0 0 0 0 0 0 0 0 0 0 0 0 0 0 0 0 0 0 0 0 0 0 0 0 0 0 0 0 0 0 0 0 0 0 0 0 0 0 0 0 0 0 0 0 0 0 0 0 0 0 0 0 0 0 0 0 0 0 0 0 0 0 0 0 0 0 0 0 0 1 1 3 3 3 2 2 0 0 0 3 2 6 9 8 10 19 28 32 40 38 78 87 97 116 120 121 143 139 138 143 138 147 138 142 140 147 152 162 173 175 181 203 204 209 224 228 
0 0 0 0 0 0 0 0 0 0 0 0 0 0 0 0 0 0 0 0 0 0 0 0 0 0 0 0 0 0 0 0 0 0 0 0 0 0 0 0 0 0 0 0 0 0 0 0 0 0 0 0 0 0 0 0 0 0 0 0 0 0 0 0 0 0 0 1 2 3 3 3 2 2 0 0 0 0 0 0 0 0 0 0 1 5 7 13 8 14 19 21 31 43 45 74 102 105 128 137 123 110 123 136 148 147 151 153 165 180 178 172 176 191 199 176 190 197 213 214 
0 0 0 0 0 0 0 0 0 0 0 0 0 0 0 0 0 0 0 0 0 0 0 0 0 0 0 0 0 0 0 0 0 0 0 0 0 0 0 0 0 0 0 0 0 0 0 0 0 0 0 0 0 0 0 0 0 0 0 0 0 0 0 0 0 2 2 2 0 0 0 0 0 0 0 0 0 0 0 0 0 0 0 0 3 3 2 2 3 7 13 20 22 26 36 51 64 75 105 104 131 127 146 124 132 152 148 126 132 118 121 144 154 152 157 165 171 184 186 186 
0 0 0 0 0 0 0 0 0 0 0 0 0 0 0 0 0 0 0 0 0 0 0 0 0 0 0 0 0 0 0 0 0 0 0 0 0 0 0 0 0 0 0 0 0 0 0 0 0 0 0 0 0 0 0 0 0 0 0 0 0 0 0 0 0 0 0 0 0 0 0 0 0 0 0 0 0 0 0 0 0 2 5 4 3 2 2 1 7 5 5 8 14 21 19 39 45 58 82 86 90 96 99 111 113 103 118 142 138 162 160 151 160 158 164 180 195 187 193 203 
0 0 0 0 0 0 0 0 0 0 0 0 0 0 0 0 0 0 0 0 0 0 0 0 0 0 0 0 0 0 0 0 0 0 0 0 0 0 0 0 0 0 0 0 0 0 0 0 0 0 0 0 0 0 0 0 0 0 0 0 0 0 0 0 0 0 0 0 0 0 0 0 0 0 0 0 0 0 3 6 6 3 1 0 0 0 0 0 0 0 0 1 3 5 14 33 50 79 95 128 135 147 139 131 140 150 137 140 149 150 152 150 171 186 175 183 158 177 183 201 
0 0 0 0 0 0 0 0 0 0 0 0 0 0 0 0 0 0 0 0 0 0 0 0 0 0 0 0 0 0 0 0 0 0 0 0 0 0 0 0 0 0 0 0 0 0 0 0 0 0 0 0 0 0 0 0 0 0 0 0 0 0 0 0 0 0 0 0 0 0 0 0 0 0 2 7 5 6 0 0 0 0 0 0 0 0 0 0 0 0 2 5 3 13 9 23 38 45 84 100 115 145 149 172 197 169 181 187 174 192 201 217 204 207 212 198 203 209 193 192 
0 0 0 0 0 0 0 0 0 0 0 0 0 0 0 0 0 0 0 0 0 0 0 0 0 0 0 0 0 0 0 0 0 0 0 0 0 0 0 0 0 0 0 0 0 0 0 0 0 0 0 0 0 0 0 0 0 0 0 0 0 0 0 0 0 0 0 0 0 0 0 1 2 5 3 0 0 0 0 0 0 0 0 0 2 0 0 0 0 0 0 1 4 7 10 10 18 33 89 104 124 156 163 149 167 173 166 176 199 196 191 196 191 185 193 192 204 201 199 204 
0 0 0 0 0 0 0 0 0 0 0 0 0 0 0 0 0 0 0 0 0 0 0 0 0 0 0 0 0 0 0 0 0 0 0 0 0 0 0 0 0 0 0 0 0 0 0 0 0 0 0 0 0 0 0 0 0 0 0 0 0 0 0 0 0 0 0 0 0 3 2 2 0 0 0 0 0 0 0 0 0 0 0 0 0 0 0 0 0 1 2 5 0 4 15 19 34 36 74 80 113 127 145 164 135 141 153 164 158 160 159 173 178 203 203 207 208 207 210 227 
0 0 0 0 0 0 0 0 0 0 0 0 0 0 0 0 0 0 0 0 0 0 0 0 0 0 0 0 0 0 0 0 0 0 0 0 0 0 0 0 0 0 0 0 0 0 0 0 0 0 0 0 0 0 0 0 0 0 0 0 0 0 0 0 0 0 0 0 0 0 0 0 0 0 0 0 0 0 0 0 0 0 0 0 0 0 0 0 0 2 0 0 0 0 6 8 34 43 65 78 117 142 188 171 185 174 179 168 186 175 174 171 158 164 165 165 184 183 203 208 
0 0 0 0 0 0 0 0 0 0 0 0 0 0 0 0 0 0 0 0 0 0 0 0 0 0 0 0 0 0 0 0 0 0 0 0 0 0 0 0 0 0 0 0 0 0 0 0 0 0 0 0 0 0 0 0 0 0 0 0 0 0 0 0 0 0 0 0 0 0 0 0 0 0 0 0 0 0 0 0 0 0 0 0 0 0 0 0 0 0 0 1 3 2 3 3 12 27 59 63 110 120 132 148 175 151 180 185 189 176 186 187 195 195 219 206 208 228 231 230 
0 0 0 0 0 0 0 0 0 0 0 0 0 0 0 0 0 0 0 0 0 0 0 0 0 0 0 0 0 0 0 0 0 0 0 0 0 0 0 0 0 0 0 0 0 0 0 0 0 0 0 0 0 0 0 0 0 0 0 0 0 0 0 0 0 0 0 0 0 0 0 0 0 0 0 0 0 0 0 0 0 0 0 0 0 0 0 0 0 0 0 4 0 0 0 1 10 23 45 57 89 97 130 132 140 149 151 149 150 159 171 169 190 172 180 185 180 180 172 176 
0 0 0 0 0 0 0 0 0 0 0 0 0 0 0 0 0 0 0 0 0 0 0 0 0 0 0 0 0 0 0 0 0 0 0 0 0 0 0 0 0 0 0 0 0 0 0 0 0 0 0 0 0 0 0 0 0 0 0 0 0 0 0 0 0 0 0 0 0 0 0 0 0 0 0 0 0 0 0 0 0 0 0 0 0 0 0 0 0 0 0 0 0 0 1 9 9 21 36 71 80 105 131 126 139 135 149 141 133 156 164 164 166 159 178 163 187 191 205 203 
0 0 0 0 0 0 0 0 0 0 0 0 0 0 0 0 0 0 0 0 0 0 0 0 0 0 0 0 0 0 0 0 0 0 0 0 0 0 0 0 0 0 0 0 0 0 0 0 0 0 0 0 0 0 0 0 0 0 0 0 0 0 0 0 0 0 0 0 0 0 0 0 0 0 0 0 0 0 0 0 0 0 0 0 0 0 0 0 0 0 0 0 0 0 2 8 18 28 37 55 87 108 126 129 129 133 155 151 153 146 156 176 200 184 188 179 172 169 158 159 
0 0 0 0 0 0 0 0 0 0 0 0 0 0 0 0 0 0 0 0 0 0 0 0 0 0 0 0 0 0 0 0 0 0 0 0 0 0 0 0 0 0 0 0 0 0 0 0 0 0 0 0 0 0 0 0 0 0 0 0 0 0 0 0 0 0 0 0 0 0 0 0 0 0 0 0 0 0 0 0 0 0 0 0 0 0 0 0 0 0 0 0 1 3 2 3 11 14 35 60 70 90 108 109 125 150 147 152 152 162 166 159 175 166 169 186 191 206 212 198 
0 0 0 0 0 0 0 0 0 0 0 0 0 0 0 0 0 0 0 0 0 0 0 0 0 0 0 0 0 0 0 0 0 0 0 0 0 0 0 0 0 0 0 0 0 0 0 0 0 0 0 0 0 0 0 0 0 0 0 0 0 0 0 0 0 0 0 0 0 0 0 0 0 0 0 0 0 0 0 0 0 0 0 0 0 0 0 0 0 4 2 4 1 0 2 9 15 26 61 94 91 132 129 145 147 145 140 152 147 162 172 161 158 184 209 196 216 200 217 224 
0 0 0 0 0 0 0 0 0 0 0 0 0 0 0 0 0 0 0 0 0 0 0 0 0 0 0 0 0 0 0 0 0 0 0 0 0 0 0 0 0 0 0 0 0 0 0 0 0 0 0 0 0 0 0 0 0 0 0 0 0 0 0 0 0 0 0 0 0 0 0 0 0 0 0 0 0 0 0 0 0 0 0 0 0 0 0 0 0 0 0 0 0 0 2 17 12 32 58 86 129 133 134 156 146 155 158 186 183 173 180 172 184 178 186 170 181 173 169 176 
0 0 0 0 0 0 0 0 0 0 0 0 0 0 0 0 0 0 0 0 0 0 0 0 0 0 0 0 0 0 0 0 0 0 0 0 0 0 0 0 0 0 0 0 0 0 0 0 0 0 0 0 0 0 0 0 0 0 0 0 0 0 0 0 0 0 0 0 0 0 0 0 0 0 0 0 0 0 0 0 0 0 0 0 0 0 0 0 0 0 0 0 0 0 7 14 19 25 35 50 83 94 99 110 129 138 135 138 137 152 171 183 209 197 197 188 203 194 197 223 
0 0 0 0 0 0 0 0 0 0 0 0 0 0 0 0 0 0 0 0 0 0 0 0 0 0 0 0 0 0 0 0 0 0 0 0 0 0 0 0 0 0 0 0 0 0 0 0 0 0 0 0 0 0 0 0 0 0 0 0 0 0 0 0 0 0 0 0 0 0 0 0 0 0 0 0 0 0 0 0 0 0 0 0 0 0 0 0 0 0 0 0 0 0 8 10 13 22 62 81 107 121 139 157 145 158 161 157 178 181 172 154 155 171 159 195 195 196 184 193 
0 0 0 0 0 0 0 0 0 0 0 0 0 0 0 0 0 0 0 0 0 0 0 0 0 0 0 0 0 0 0 0 0 0 0 0 0 0 0 0 0 0 0 0 0 0 0 0 0 0 0 0 0 0 0 0 0 0 0 0 0 0 0 0 0 0 0 0 0 0 0 0 0 0 0 0 0 0 0 0 0 0 0 0 0 0 0 0 0 0 3 2 1 13 9 28 59 65 99 111 119 129 148 130 144 162 164 166 182 166 163 166 176 164 159 152 159 161 159 167 
0 0 0 0 0 0 0 0 0 0 0 0 0 0 0 0 0 0 0 0 0 0 0 0 0 0 0 0 0 0 0 0 0 0 0 0 0 0 0 0 0 0 0 0 0 0 0 0 0 0 0 0 0 0 0 0 0 0 0 0 0 0 0 0 0 0 0 0 0 0 0 0 0 0 0 0 0 0 0 0 0 0 0 0 0 0 0 0 0 0 0 0 2 2 13 10 15 37 58 93 100 135 140 147 167 156 169 162 161 163 147 166 157 151 146 143 154 150 152 155 
0 0 0 0 0 0 0 0 0 0 0 0 0 0 0 0 0 0 0 0 0 0 0 0 0 0 0 0 0 0 0 0 0 0 0 0 0 0 0 0 0 0 0 0 0 0 0 0 0 0 0 0 0 0 0 0 0 0 0 0 0 0 0 0 0 0 0 0 0 0 0 0 0 0 0 0 0 0 0 0 0 0 0 0 0 0 0 0 0 0 0 0 0 2 9 24 51 54 77 110 115 122 130 124 121 119 108 116 109 121 147 135 138 153 156 174 167 191 193 188 
0 0 0 0 0 0 0 0 0 0 0 0 0 0 0 0 0 0 0 0 0 0 0 0 0 0 0 0 0 0 0 0 0 0 0 0 0 0 0 0 0 0 0 0 0 0 0 0 0 0 0 0 0 0 0 0 0 0 0 0 0 0 0 0 0 0 0 0 0 0 0 0 0 0 4 0 0 0 0 0 0 0 0 0 0 0 0 2 4 5 4 19 12 12 19 32 53 57 77 87 113 119 148 169 175 186 186 175 202 201 211 222 238 220 225 231 232 227 223 239 
0 0 0 0 0 0 0 0 0 0 0 0 0 0 0 0 0 0 0 0 0 0 0 0 0 0 0 0 0 0 0 0 0 0 0 0 0 0 0 0 0 0 0 0 0 0 0 0 0 0 0 0 0 0 0 0 0 0 0 0 0 0 0 0 0 0 0 0 0 0 0 0 0 0 0 0 0 0 0 0 0 0 0 0 0 0 0 0 1 3 4 6 11 24 25 44 78 83 90 121 132 135 146 143 159 171 176 186 193 178 171 152 151 166 170 170 174 193 191 226 
0 0 0 0 0 0 0 0 0 0 0 0 0 0 0 0 0 0 0 0 0 0 0 0 0 0 0 0 0 0 0 0 0 0 0 0 0 0 0 0 0 0 0 0 0 0 0 0 0 0 0 0 0 0 0 0 0 0 0 0 0 0 0 0 0 0 0 0 0 0 0 0 0 0 0 0 0 0 0 0 0 0 0 0 0 0 0 0 0 0 1 5 14 16 31 45 76 107 134 127 157 154 154 152 145 138 150 137 144 146 147 185 184 190 187 188 186 193 208 209 
0 0 0 0 0 0 0 0 0 0 0 0 0 0 0 0 0 0 0 0 0 0 0 0 0 0 0 0 0 0 0 0 0 0 0 0 0 0 0 0 0 0 0 0 0 0 0 0 0 0 0 0 0 0 0 0 0 0 0 0 0 0 0 0 0 0 0 0 0 0 0 0 0 0 0 0 0 0 0 0 0 0 0 0 0 0 0 0 3 3 10 11 18 25 47 56 83 74 92 108 118 122 131 140 150 147 143 167 155 159 167 159 171 167 159 170 176 171 162 176 
0 0 0 0 0 0 0 0 0 0 0 0 0 0 0 0 0 0 0 0 0 0 0 0 0 0 0 0 0 0 0 0 0 0 0 0 0 0 0 0 0 0 0 0 0 0 0 0 0 0 0 0 0 0 0 0 0 0 0 0 0 0 0 0 0 0 0 0 0 0 0 0 0 0 0 0 0 0 0 0 0 0 0 0 0 0 3 3 6 7 7 11 22 25 49 69 80 106 122 121 131 140 134 156 159 159 165 153 167 164 172 168 167 167 176 171 178 172 181 159 
0 0 0 0 0 0 0 0 0 0 0 0 0 0 0 0 0 0 0 0 0 0 0 0 0 0 0 0 0 0 0 0 0 0 0 0 0 0 0 0 0 0 0 0 0 0 0 0 0 0 0 0 0 0 0 0 3 3 2 0 0 0 0 0 0 0 0 0 0 0 0 0 0 0 0 0 0 0 0 0 2 0 0 0 1 5 0 6 4 5 7 19 35 35 62 70 96 135 149 154 158 162 173 168 163 177 159 153 166 152 171 159 163 168 169 184 170 151 151 143 
0 0 0 0 0 0 0 0 0 0 0 0 0 0 0 0 0 0 0 0 0 0 0 0 0 0 0 0 0 0 0 0 0 0 0 0 0 0 0 0 0 0 0 0 0 0 0 0 0 0 0 0 0 0 0 0 0 0 1 2 3 2 0 0 0 0 0 0 0 0 0 0 0 0 0 0 0 0 0 0 1 2 3 0 2 4 5 4 6 5 18 28 45 71 82 87 108 116 132 126 132 129 114 130 141 124 147 163 148 162 173 163 172 170 175 182 181 190 194 207 
0 0 0 0 0 0 0 0 0 0 0 0 0 0 0 0 0 0 0 0 0 0 0 0 0 0 0 0 0 0 0 0 0 0 0 0 0 0 0 0 0 0 0 0 0 0 0 0 0 0 0 0 0 0 0 0 0 0 0 0 0 1 2 3 1 0 0 0 0 0 0 0 0 0 0 0 0 0 0 0 0 0 2 2 3 0 0 0 3 23 21 44 56 86 80 94 97 105 122 139 115 132 135 144 151 156 171 168 168 164 179 172 180 174 178 179 186 197 193 216 
0 0 0 0 0 0 0 0 0 0 0 0 0 0 0 0 0 0 0 0 0 0 0 0 0 0 0 0 0 0 0 0 0 0 0 0 0 0 0 0 0 0 0 1 3 0 0 0 0 0 0 0 0 0 0 0 0 0 0 0 0 0 0 0 2 2 2 1 0 0 0 0 0 0 0 0 0 0 0 1 2 7 2 4 3 8 13 14 33 30 38 53 69 81 94 104 131 138 136 136 150 153 144 137 130 124 129 123 131 131 128 144 149 157 151 154 151 166 162 151 
0 0 0 0 0 0 0 0 0 0 0 0 0 0 0 0 0 0 0 0 0 0 0 0 0 0 0 0 0 0 0 0 0 0 0 0 0 0 0 0 0 0 0 0 0 3 2 0 0 0 0 0 0 0 0 0 0 0 0 0 0 0 0 0 0 0 0 3 2 3 0 0 0 0 0 0 0 0 4 3 1 4 9 13 15 8 11 24 28 33 42 56 74 82 91 94 108 100 107 104 106 107 104 107 116 136 134 140 155 151 148 157 151 169 173 158 161 164 177 173 
0 0 0 0 0 0 0 0 0 0 0 0 0 0 0 0 0 0 0 0 0 0 0 0 0 0 0 0 0 0 0 0 0 0 0 0 0 0 0 0 0 0 0 0 0 0 1 2 2 0 0 0 0 0 0 0 0 0 0 0 0 0 0 0 0 0 0 0 0 0 2 3 2 0 0 0 0 0 0 0 3 2 4 4 3 19 23 23 46 42 53 57 75 90 91 96 115 109 119 138 130 143 158 157 166 152 151 148 143 156 154 164 153 147 156 177 172 156 180 176 
0 0 0 0 0 0 0 0 0 0 0 0 0 0 0 0 0 0 0 0 0 0 0 0 0 0 0 0 0 0 0 0 0 0 0 0 0 0 0 0 0 0 0 0 0 0 0 0 2 2 0 0 0 0 0 0 0 0 0 0 0 0 0 0 0 0 0 0 0 0 0 0 0 3 2 3 0 0 4 3 3 2 3 15 12 17 26 35 48 62 73 76 76 90 87 106 115 119 133 125 130 121 134 133 130 127 130 125 127 123 118 132 144 149 143 160 159 174 176 189 
0 0 0 0 0 0 0 0 0 0 0 0 0 0 0 0 0 0 0 0 0 0 0 0 0 0 0 0 0 0 0 0 0 0 0 0 0 0 0 0 0 0 0 0 0 0 0 0 0 0 4 1 0 0 0 0 0 0 0 0 0 0 0 0 3 2 2 3 0 0 0 0 0 0 0 0 6 4 6 4 3 6 13 24 30 34 47 81 82 92 78 109 106 107 107 116 135 144 148 137 125 119 115 116 116 119 129 128 123 119 114 116 121 123 127 137 146 139 157 156 
0 0 0 0 0 0 0 0 0 0 0 0 0 0 0 0 0 0 0 0 0 0 0 0 0 0 0 0 0 0 0 0 0 0 0 0 0 0 0 0 0 0 0 0 0 0 0 0 0 1 3 3 3 1 0 0 0 0 0 0 0 0 0 0 0 0 0 0 3 2 3 2 3 2 2 2 2 2 5 2 19 20 21 20 26 38 40 61 62 82 76 85 98 113 110 121 130 123 137 136 139 123 143 138 149 144 151 145 141 149 178 156 166 158 165 162 157 170 176 182 
0 0 0 0 0 0 0 0 0 0 0 0 0 0 0 0 0 0 0 0 0 0 0 0 0 0 0 0 0 0 0 0 0 0 0 0 0 0 0 0 0 0 0 0 0 0 0 0 0 0 0 0 0 2 3 0 0 0 0 0 0 0 0 0 0 0 0 0 0 0 0 6 2 4 5 6 10 5 7 10 4 19 17 20 54 48 51 60 68 74 80 89 79 92 91 94 93 93 97 112 130 129 135 135 136 145 140 147 158 152 162 170 173 185 175 180 181 173 164 161 
0 0 0 0 0 0 0 0 0 0 0 0 0 0 0 0 0 0 0 0 0 0 0 0 0 0 0 0 0 0 0 0 0 0 0 0 0 0 0 0 0 0 0 0 0 0 0 0 0 0 0 0 0 0 0 3 2 0 0 0 0 0 0 1 0 0 0 0 0 0 0 0 4 4 5 4 7 11 9 10 19 25 30 43 45 57 65 74 66 73 68 62 67 65 72 79 81 89 109 90 96 91 108 110 109 103 117 117 118 126 120 118 128 129 133 135 146 152 164 171 
0 0 0 0 0 0 0 0 0 0 0 0 0 0 0 0 0 0 0 0 0 0 0 0 0 0 0 0 0 0 0 0 0 0 0 0 0 0 0 0 0 0 0 0 0 0 0 0 0 0 0 0 0 0 0 0 1 3 1 0 0 0 0 0 4 0 0 0 1 3 2 3 3 7 8 11 14 18 20 28 29 43 39 38 38 42 46 69 87 94 102 109 101 120 113 107 109 102 103 94 113 113 103 105 116 110 118 119 126 126 130 148 148 151 172 163 173 147 152 157 
0 0 0 0 0 0 0 0 0 0 0 0 0 0 0 0 0 0 0 0 0 0 0 0 0 0 0 0 0 0 0 0 0 0 0 0 0 0 0 0 0 0 0 0 0 0 0 0 0 0 0 0 0 0 0 0 2 2 5 5 2 2 0 0 2 6 6 5 3 1 0 9 7 15 20 22 18 28 30 34 37 50 54 61 59 88 90 92 91 95 110 112 110 110 105 118 105 107 112 110 114 126 130 127 131 129 136 142 142 143 158 139 151 161 165 176 163 199 190 194 
0 0 0 0 0 0 0 0 0 0 0 0 0 0 0 0 0 0 0 0 0 0 0 0 0 0 0 0 0 0 0 0 0 0 0 0 0 0 0 0 0 0 0 0 0 0 0 0 0 0 0 0 0 3 2 3 1 3 3 3 4 9 4 4 5 10 11 9 18 16 12 13 18 22 22 29 21 20 28 46 71 63 73 82 86 95 83 90 80 75 77 93 100 112 114 134 144 144 149 171 169 155 158 139 152 146 148 140 153 150 154 166 164 149 167 165 175 181 180 191 
0 0 0 0 0 0 0 0 0 0 0 0 0 0 0 0 0 0 0 0 0 0 0 0 0 0 0 0 0 0 0 0 0 0 0 0 0 0 0 2 1 3 3 1 0 0 0 0 0 0 0 0 0 0 0 0 0 0 0 0 2 5 11 8 7 4 10 15 15 14 24 33 36 45 52 49 55 70 74 66 69 82 79 113 99 100 105 97 119 118 128 133 126 135 127 125 116 112 109 88 92 96 115 104 115 125 140 138 136 148 144 152 138 144 142 148 143 150 158 154 
0 0 0 0 0 0 0 0 0 0 0 0 0 0 0 0 0 0 0 0 0 0 0 0 0 0 0 0 0 0 0 0 0 0 0 0 0 0 0 0 0 0 0 2 2 2 2 3 2 0 0 0 0 0 0 0 0 0 0 0 0 0 3 5 7 6 9 23 21 28 25 31 21 31 28 39 41 41 48 53 57 54 67 87 85 94 101 124 126 136 142 129 128 128 133 125 124 134 127 138 141 138 140 135 131 139 141 131 134 137 146 168 165 184 179 179 195 187 180 194 
0 0 0 0 0 0 0 0 0 0 0 0 0 0 0 0 0 0 0 0 0 0 0 0 0 0 0 0 0 0 0 0 0 0 0 0 0 0 0 0 0 0 0 0 0 1 0 0 1 2 3 4 9 5 2 3 1 0 0 2 3 3 6 5 6 18 17 20 22 24 21 28 22 24 20 29 44 50 78 73 79 92 94 97 97 114 114 111 130 117 140 129 135 152 144 166 169 183 193 188 200 174 197 185 195 186 197 180 195 180 183 181 168 165 166 194 175 197 186 193 
0 0 0 0 0 0 0 0 0 0 0 0 0 0 0 0 0 0 0 0 0 0 0 0 0 0 0 0 0 0 0 0 0 0 0 0 0 0 0 0 0 0 4 2 2 3 5 5 3 3 2 3 2 7 12 8 8 8 11 11 9 18 16 14 20 22 22 22 27 44 42 46 55 72 81 86 92 82 100 104 117 99 117 115 115 113 115 119 126 126 117 141 134 138 119 133 117 119 117 129 140 136 130 142 155 160 156 166 175 174 180 187 196 208 194 204 225 210 236 216 
0 0 0 0 0 0 0 0 0 0 0 0 0 0 0 0 0 0 0 0 0 0 0 0 0 0 0 0 0 0 0 0 0 0 0 0 0 0 0 0 0 0 0 4 3 4 6 5 7 7 7 10 9 6 6 6 12 18 17 15 16 19 18 22 27 30 29 51 42 52 55 60 60 63 72 71 63 76 68 82 79 89 103 112 113 121 128 116 111 102 104 105 103 114 113 110 125 130 123 128 127 130 141 143 142 160 160 163 173 159 161 159 148 161 162 174 165 182 192 186 
0 0 0 0 0 0 0 0 0 0 0 0 0 0 0 0 0 0 0 0 0 0 0 0 0 0 0 0 0 0 0 0 0 0 0 0 0 0 0 0 0 0 0 1 6 9 10 4 2 2 3 2 6 6 11 15 23 24 35 33 46 43 32 44 45 39 49 51 56 59 62 70 74 71 71 64 78 80 78 74 92 106 105 113 127 122 133 131 140 148 144 139 148 151 151 167 161 158 148 142 156 146 145 161 147 160 152 141 154 138 162 177 175 182 191 196 181 187 167 185 
0 0 0 0 0 0 0 0 0 0 0 0 0 0 0 0 0 0 0 0 0 0 0 0 0 0 0 0 0 0 0 0 0 0 1 3 2 3 3 0 0 0 5 9 12 11 16 20 16 17 17 16 15 17 17 14 23 20 18 22 22 34 34 50 44 54 56 64 71 89 78 78 86 90 101 104 100 117 135 135 145 148 152 142 149 143 141 129 134 133 140 126 131 133 125 129 115 134 138 143 142 131 145 129 139 147 154 159 164 159 164 161 158 175 167 161 182 175 182 186 
0 0 0 0 0 0 0 0 0 0 0 0 0 0 0 0 0 0 0 0 0 0 0 0 0 0 0 0 0 0 0 0 0 0 0 2 2 0 3 5 4 4 5 10 7 10 17 22 27 30 30 31 35 35 36 49 40 49 43 46 48 48 55 57 65 76 60 75 82 82 80 84 74 82 85 89 85 94 77 91 85 93 87 105 121 108 120 142 126 137 132 141 127 143 134 140 151 143 156 162 154 137 131 126 133 142 156 137 164 156 155 154 164 151 182 167 171 172 177 177 
0 0 0 0 0 0 0 0 0 0 0 0 0 0 0 0 0 0 0 0 0 0 0 0 0 0 0 0 0 0 0 0 0 0 0 3 0 3 2 3 6 8 17 16 23 23 14 15 20 22 18 23 24 20 21 26 21 21 31 34 43 43 53 62 63 63 68 75 80 84 86 82 97 92 89 99 98 96 96 98 104 110 127 123 122 125 126 110 116 121 117 116 113 119 120 124 130 122 132 137 150 157 175 177 183 168 171 172 172 196 194 192 191 204 205 216 208 228 220 232 
0 0 0 0 0 0 0 0 0 0 0 0 0 0 0 0 0 0 0 0 0 0 0 0 0 0 0 0 0 0 0 0 0 0 0 1 3 3 0 8 8 17 21 32 33 43 57 54 50 46 57 55 58 59 64 70 76 75 82 82 74 79 76 77 88 94 93 102 101 107 106 116 115 108 111 120 126 129 133 111 110 113 114 123 127 123 141 152 168 172 170 180 182 182 198 188 212 187 202 199 210 197 206 217 234 227 248 236 238 235 236 250 241 231 228 230 233 245 251 240 
0 0 0 0 0 0 0 0 0 0 0 0 0 0 0 0 0 0 0 0 0 0 0 0 0 0 0 0 0 0 0 0 0 0 0 0 0 5 9 17 20 23 33 33 52 63 65 68 73 74 72 66 78 77 94 83 76 82 81 84 78 76 78 92 87 85 98 103 95 89 93 105 111 122 115 115 124 116 134 139 157 135 158 146 152 159 169 154 172 163 170 159 182 179 189 174 177 189 184 213 207 231 227 220 202 231 217 216 222 237 235 237 240 233 229 257 260 256 265 286 
0 0 0 0 0 0 0 0 0 0 0 0 0 0 0 0 0 0 0 0 0 0 0 0 0 0 0 0 0 0 0 0 0 0 3 2 7 6 9 19 28 40 49 46 61 67 60 72 62 68 81 86 89 81 95 117 107 117 112 123 117 117 122 120 115 117 116 117 114 117 129 127 141 130 128 134 135 137 140 130 145 164 155 156 156 164 172 171 167 174 178 180 186 169 172 178 189 180 189 192 186 171 164 169 183 162 178 170 181 181 183 176 185 196 197 178 168 190 184 183 
0 0 0 0 0 0 0 0 0 0 0 0 0 0 0 0 0 0 0 0 0 0 0 0 0 0 0 0 0 0 0 0 0 0 0 0 0 0 0 17 18 31 42 52 61 57 67 75 64 68 67 66 68 68 81 77 82 93 92 90 99 100 92 106 114 120 125 123 139 132 129 123 115 122 130 118 128 128 126 130 135 139 134 149 140 139 129 146 137 144 138 156 149 150 143 148 156 139 140 140 149 154 165 174 172 176 170 179 165 174 187 193 203 198 207 200 207 209 195 214 
0 0 0 0 0 0 0 0 0 0 0 0 0 0 0 0 0 0 0 0 0 0 0 0 0 0 0 0 0 0 0 0 0 0 0 0 4 5 6 21 23 29 41 49 55 74 65 82 86 91 89 86 97 95 91 86 98 94 90 94 88 104 104 97 119 124 120 137 128 134 127 137 127 124 128 127 124 122 135 125 128 118 123 118 125 129 127 132 128 134 124 133 125 139 134 138 157 158 162 165 150 165 161 155 152 153 166 173 177 190 185 200 189 201 201 202 206 214 205 222 
0 0 0 0 0 0 0 0 0 0 0 0 0 0 0 0 0 0 0 0 0 0 0 0 0 0 0 0 0 0 0 0 0 0 0 0 9 5 12 25 31 38 43 52 72 76 90 85 78 77 96 93 97 92 97 92 91 82 96 101 104 98 105 114 111 102 116 113 107 119 114 115 104 111 115 115 116 109 111 112 117 123 130 129 137 127 124 138 136 133 126 138 145 144 147 134 147 138 155 180 178 180 199 186 188 203 206 215 209 208 218 207 214 234 223 229 239 228 234 239 
