6.822499999999999432e+01 3.726653172078631128e-06
6.824857357357356591e+01 3.917722569745780124e-06
6.827214714714713750e+01 4.118175631742286340e-06
6.829572072072070910e+01 4.328451283391477167e-06
6.831929429429429490e+01 4.549007856918605219e-06
6.834286786786786649e+01 4.780323894003468028e-06
6.836644144144143809e+01 5.022898978889174647e-06
6.839001501501500968e+01 5.277254603087323199e-06
6.841358858858858127e+01 5.543935062755662555e-06
6.843716216216215287e+01 5.823508389852118598e-06
6.846073573573572446e+01 6.116567318201802472e-06
6.848430930930931027e+01 6.423730285646173130e-06
6.850788288288288186e+01 6.745642473475199528e-06
6.853145645645645345e+01 7.082976884381001553e-06
6.855503003003002505e+01 7.436435460199432166e-06
6.857860360360359664e+01 7.806750240747713536e-06
6.860217717717716823e+01 8.194684565097884284e-06
6.862575075075073983e+01 8.601034316664145693e-06
6.864932432432432563e+01 9.026629213518686648e-06
6.867289789789789722e+01 9.472334145387481587e-06
6.869647147147146882e+01 9.939050558820755295e-06
6.872004504504504041e+01 1.042771789206356497e-05
6.874361861861861200e+01 1.093931506120063238e-05
6.876719219219218360e+01 1.147486199918497837e-05
6.879076576576575519e+01 1.203542124940253324e-05
6.881433933933934100e+01 1.262209961546789487e-05
6.883791291291291259e+01 1.323604986898518237e-05
6.886148648648648418e+01 1.387847251706010326e-05
6.888506006006005578e+01 1.455061763138004354e-05
6.890863363363362737e+01 1.525378674073582444e-05
6.893220720720719896e+01 1.598933478889769054e-05
6.895578078078077056e+01 1.675867215980461996e-05
6.897935435435434215e+01 1.756326677207421978e-05
6.900292792792792795e+01 1.840464624488618914e-05
6.902650150150149955e+01 1.928440013733784538e-05
6.905007507507507114e+01 2.020418226342768320e-05
6.907364864864864273e+01 2.116571308485604378e-05
6.909722222222221433e+01 2.217078218389615391e-05
6.912079579579578592e+01 2.322125081863080155e-05
6.914436936936935751e+01 2.431905456290148101e-05
6.916794294294294332e+01 2.546620603336975739e-05
6.919151651651651491e+01 2.666479770613521102e-05
6.921509009009008651e+01 2.791700482542143843e-05
6.923866366366365810e+01 2.922508840686989734e-05
6.926223723723722969e+01 3.059139833805602740e-05
6.928581081081080129e+01 3.201837657888298303e-05
6.930938438438437288e+01 3.350856046456370066e-05
6.933295795795795868e+01 3.506458611395649714e-05
6.935653153153153028e+01 3.668919194606749367e-05
6.938010510510510187e+01 3.838522230760380260e-05
6.940367867867867346e+01 4.015563121448523264e-05
6.942725225225224506e+01 4.200348621030739165e-05
6.945082582582581665e+01 4.393197234478322526e-05
6.947439939939938824e+01 4.594439627525176808e-05
6.949797297297297405e+01 4.804419049439590862e-05
6.952154654654654564e+01 5.023491768735701362e-05
6.954512012012011724e+01 5.252027522151302488e-05
6.956869369369368883e+01 5.490409977219795802e-05
6.959226726726726042e+01 5.739037208773612874e-05
6.961584084084083202e+01 5.998322189719256062e-05
6.963941441441440361e+01 6.268693296430051715e-05
6.966298798798798941e+01 6.550594829108154118e-05
6.968656156156156101e+01 6.844487547471200979e-05
6.971013513513513260e+01 7.150849222127621013e-05
6.973370870870870419e+01 7.470175202003859617e-05
6.975728228228227579e+01 7.802978998197484975e-05
6.978085585585584738e+01 8.149792884631660238e-05
6.980442942942941897e+01 8.511168515892080194e-05
6.982800300300300478e+01 8.887677562632788852e-05
6.985157657657657637e+01 9.279912364939622708e-05
6.987515015015014797e+01 9.688486604049744311e-05
6.989872372372371956e+01 1.011403599282179511e-04
6.992229729729729115e+01 1.055721898536383425e-04
6.994587087087086275e+01 1.101871750622454555e-04
6.996944444444443434e+01 1.149923769956002372e-04
6.999301801801802014e+01 1.199951069869086364e-04
7.001659159159159174e+01 1.252029341646702183e-04
7.004016516516516333e+01 1.306236935686636957e-04
7.006373873873873492e+01 1.362654944824669330e-04
7.008731231231230652e+01 1.421367289868329575e-04
7.011088588588587811e+01 1.482460807382161784e-04
7.013445945945944970e+01 1.546025339767837642e-04
7.015803303303302130e+01 1.612153827682706185e-04
7.018160660660660710e+01 1.680942404840555008e-04
7.020518018018017870e+01 1.752490495238296058e-04
7.022875375375375029e+01 1.826900912853262498e-04
7.025232732732732188e+01 1.904279963854504226e-04
7.027590090090089348e+01 1.984737551372942293e-04
7.029947447447446507e+01 2.068387282874489168e-04
7.032304804804803666e+01 2.155346580180527794e-04
7.034662162162162247e+01 2.245736792180068092e-04
7.037019519519519406e+01 2.339683310277607922e-04
7.039376876876876565e+01 2.437315686621595041e-04
7.041734234234233725e+01 2.538767755156513643e-04
7.044091591591590884e+01 2.644177755543196851e-04
7.046448948948948043e+01 2.753688459990727812e-04
7.048806306306305203e+01 2.867447303043329761e-04
7.051163663663663783e+01 2.985606514365363477e-04
7.053521021021020942e+01 3.108323254566758048e-04
7.055878378378378102e+01 3.235759754112116447e-04
7.058235735735735261e+01 3.368083455354021214e-04
7.060593093093092421e+01 3.505467157732857766e-04
7.062950450450449580e+01 3.648089166183446429e-04
7.065307807807806739e+01 3.796133442788697347e-04
7.067665165165165320e+01 3.949789761719843225e-04
7.070022522522522479e+01 4.109253867501274477e-04
7.072379879879879638e+01 4.274727636639352865e-04
7.074737237237236798e+01 4.446419242650276457e-04
7.077094594594593957e+01 4.624543324524499018e-04
7.079451951951951116e+01 4.809321158662170073e-04
7.081809309309308276e+01 5.000980834313729570e-04
7.084166666666666856e+01 5.199757432558563784e-04
7.086524024024024015e+01 5.405893208852695928e-04
7.088881381381381175e+01 5.619637779177569714e-04
7.091238738738738334e+01 5.841248309816629222e-04
7.093596096096095494e+01 6.070989710788809697e-04
7.095953453453452653e+01 6.309134832964492833e-04
7.098310810810809812e+01 6.555964668888200749e-04
7.100668168168168393e+01 6.811768557331007246e-04
7.103025525525525552e+01 7.076844391592669852e-04
7.105382882882882711e+01 7.351498831574787259e-04
7.107740240240239871e+01 7.636047519639183002e-04
7.110097597597597030e+01 7.930815300268644714e-04
7.112454954954954189e+01 8.236136443542348487e-04
7.114812312312311349e+01 8.552354872436596783e-04
7.117169669669669929e+01 8.879824393959519658e-04
7.119527027027027088e+01 9.218908934124735296e-04
7.121884384384384248e+01 9.569982776770101030e-04
7.124241741741741407e+01 9.933430806218677359e-04
7.126599099099098567e+01 1.030964875378295557e-03
7.128956456456455726e+01 1.069904344810644224e-03
7.131313813813812885e+01 1.110203306933529085e-03
7.133671171171170045e+01 1.151904740710926875e-03
7.136028528528528625e+01 1.195052812235863253e-03
7.138385885885885784e+01 1.239692901288843392e-03
7.140743243243242944e+01 1.285871628273355495e-03
7.143100600600600103e+01 1.333636881525589310e-03
7.145457957957957262e+01 1.383037844995989784e-03
7.147815315315314422e+01 1.434125026299406299e-03
7.150172672672671581e+01 1.486950285130366920e-03
7.152530030030030161e+01 1.541566862039663033e-03
7.154887387387387321e+01 1.598029407567753794e-03
7.157244744744744480e+01 1.656394011730796074e-03
7.159602102102101640e+01 1.716718233853567260e-03
7.161959459459458799e+01 1.779061132744169139e-03
7.164316816816815958e+01 1.843483297204404894e-03
7.166674174174173118e+01 1.910046876869335919e-03
7.169031531531531698e+01 1.978815613369174983e-03
7.171388888888888857e+01 2.049854871805899866e-03
7.173746246246246017e+01 2.123231672537246543e-03
7.176103603603603176e+01 2.199014723258918905e-03
7.178460960960960335e+01 2.277274451376691371e-03
7.180818318318317495e+01 2.358083036658741548e-03
7.183175675675674654e+01 2.441514444158254110e-03
7.185533033033033234e+01 2.527644457395853295e-03
7.187890390390390394e+01 2.616550711790452573e-03
7.190247747747747553e+01 2.708312728327649539e-03
7.192605105105104712e+01 2.803011947452407546e-03
7.194962462462461872e+01 2.900731763173974680e-03
7.197319819819819031e+01 3.001557557369272447e-03
7.199677177177176191e+01 3.105576734270819577e-03
7.202034534534534771e+01 3.212878755124570686e-03
7.204391891891891930e+01 3.323555173001983571e-03
7.206749249249249090e+01 3.437699667751357470e-03
7.209106606606606249e+01 3.555408081070590264e-03
7.211463963963963408e+01 3.676778451685059484e-03
7.213821321321320568e+01 3.801911050612311483e-03
7.216178678678677727e+01 3.930908416495123431e-03
7.218536036036036307e+01 4.063875390983616789e-03
7.220893393393393467e+01 4.200919154146122089e-03
7.223250750750750626e+01 4.342149259889229937e-03
7.225608108108107785e+01 4.487677671364112553e-03
7.227965465465464945e+01 4.637618796338242345e-03
7.230322822822822104e+01 4.792089522509189806e-03
7.232680180180179264e+01 4.951209252737140930e-03
7.235037537537536423e+01 5.115099940171746566e-03
7.237394894894895003e+01 5.283886123248615098e-03
7.239752252252252163e+01 5.457694960528942756e-03
7.242109609609609322e+01 5.636656265357427309e-03
7.244466966966966481e+01 5.820902540309248925e-03
7.246824324324323641e+01 6.010569011399596005e-03
7.249181681681680800e+01 6.205793662026575300e-03
7.251539039039039380e+01 6.406717266618101002e-03
7.253896396396396540e+01 6.613483423951986226e-03
7.256253753753753699e+01 6.826238590120005910e-03
7.258611111111110858e+01 7.045132111101891532e-03
7.260968468468468018e+01 7.270316254918536558e-03
7.263325825825825177e+01 7.501946243330554279e-03
7.265683183183182337e+01 7.740180283048418187e-03
7.268040540540539496e+01 7.985179596419346437e-03
7.270397897897898076e+01 8.237108451555893301e-03
7.272755255255255236e+01 8.496134191869052568e-03
7.275112612612612395e+01 8.762427264971313703e-03
7.277469969969969554e+01 9.036161250909145043e-03
7.279827327327326714e+01 9.317512889688803548e-03
7.282184684684683873e+01 9.606662108055627133e-03
7.284542042042041032e+01 9.903792045487363679e-03
7.286899399399399613e+01 1.020908907936122698e-02
7.289256756756756772e+01 1.052274284925272183e-02
7.291614114114113931e+01 1.084494628032725387e-02
7.293971471471471091e+01 1.117589560577856959e-02
7.296328828828828250e+01 1.151579038827391099e-02
7.298686186186185409e+01 1.186483354036112561e-02
7.301043543543542569e+01 1.222323134379397006e-02
7.303400900900901149e+01 1.259119346773095172e-02
7.305758258258258309e+01 1.296893298576129797e-02
7.308115615615615468e+01 1.335666639171541152e-02
7.310472972972972627e+01 1.375461361420934371e-02
7.312830330330329787e+01 1.416299802987942488e-02
7.315187687687686946e+01 1.458204647525892725e-02
7.317545045045044105e+01 1.501198925724885405e-02
7.319902402402402686e+01 1.545306016213538608e-02
7.322259759759759845e+01 1.590549646310347037e-02
7.324617117117117004e+01 1.636953892620202772e-02
7.326974474474474164e+01 1.684543181470604320e-02
7.329331831831831323e+01 1.733342289183011434e-02
7.331689189189188482e+01 1.783376342174190776e-02
7.334046546546545642e+01 1.834670816882610911e-02
7.336403903903904222e+01 1.887251539514839954e-02
7.338761261261261382e+01 1.941144685606775722e-02
7.341118618618618541e+01 1.996376779395085677e-02
7.343475975975975700e+01 2.052974692993176156e-02
7.345833333333332860e+01 2.110965645367093857e-02
7.348190690690690019e+01 2.170377201106091919e-02
7.350548048048047178e+01 2.231237268982835809e-02
7.352905405405405759e+01 2.293574100298198526e-02
7.355262762762762918e+01 2.357416287005392394e-02
7.357620120120120077e+01 2.422792759608935823e-02
7.359977477477477237e+01 2.489732784832717274e-02
7.362334834834834396e+01 2.558265963052674258e-02
7.364692192192191555e+01 2.628422225488953254e-02
7.367049549549548715e+01 2.700231831152605233e-02
7.369406906906905874e+01 2.773725363541953287e-02
7.371764264264264455e+01 2.848933727083811235e-02
7.374121621621621614e+01 2.925888143314473236e-02
7.376478978978978773e+01 3.004620146796425917e-02
7.378836336336335933e+01 3.085161580765169442e-02
7.381193693693693092e+01 3.167544592502199302e-02
7.383551051051050251e+01 3.251801628429328711e-02
7.385908408408408832e+01 3.337965428919983935e-02
7.388265765765765991e+01 3.426069022822727378e-02
7.390623123123123150e+01 3.516145721693499787e-02
7.392980480480480310e+01 3.608229113731331594e-02
7.395337837837837469e+01 3.702353057414155268e-02
7.397695195195194628e+01 3.798551674830429048e-02
7.400052552552551788e+01 3.896859344702664069e-02
7.402409909909908947e+01 3.997310695099141886e-02
7.404767267267267528e+01 4.099940595830158657e-02
7.407124624624624687e+01 4.204784150524911585e-02
7.409481981981981846e+01 4.311876688386552525e-02
7.411839339339339006e+01 4.421253755620927622e-02
7.414196696696696165e+01 4.532951106536795005e-02
7.416554054054053324e+01 4.647004694314221807e-02
7.418911411411410484e+01 4.763450661438384942e-02
7.421268768768769064e+01 4.882325329796276953e-02
7.423626126126126223e+01 5.003665190433357474e-02
7.425983483483483383e+01 5.127506892969032476e-02
7.428340840840840542e+01 5.253887234667364153e-02
7.430698198198197701e+01 5.382843149162220425e-02
7.433055555555554861e+01 5.514411694834750466e-02
7.435412912912912020e+01 5.648630042841722848e-02
7.437770270270270601e+01 5.785535464793558486e-02
7.440127627627627760e+01 5.925165320080472142e-02
7.442484984984984919e+01 6.067557042847145782e-02
7.444842342342342079e+01 6.212748128613641840e-02
7.447199699699699238e+01 6.360776120543415457e-02
7.449557057057056397e+01 6.511678595357850430e-02
7.451914414414413557e+01 6.665493148897393139e-02
7.454271771771772137e+01 6.822257381329910331e-02
7.456629129129129296e+01 6.982008882006141004e-02
7.458986486486486456e+01 7.144785213964721660e-02
7.461343843843843615e+01 7.310623898085921724e-02
7.463701201201200774e+01 7.479562396897040943e-02
7.466058558558557934e+01 7.651638098030513757e-02
7.468415915915915093e+01 7.826888297336921652e-02
7.470773273273273674e+01 8.005350181655250530e-02
7.473130630630630833e+01 8.187060811242348468e-02
7.475487987987987992e+01 8.372057101866094142e-02
7.477845345345345152e+01 8.560375806563313983e-02
7.480202702702702311e+01 8.752053497067570353e-02
7.482560060060059470e+01 8.947126544910001533e-02
7.484917417417416630e+01 9.145631102197442075e-02
7.487274774774775210e+01 9.347603082072394876e-02
7.489632132132132369e+01 9.553078138858954460e-02
7.491989489489489529e+01 9.762091647901562086e-02
7.494346846846846688e+01 9.974678685099649944e-02
7.496704204204203847e+01 1.019087400614572397e-01
7.499061561561561007e+01 1.041071202547236563e-01
7.501418918918918166e+01 1.063422679491458772e-01
7.503776276276275325e+01 1.086145198209450546e-01
7.506133633633633906e+01 1.109242084853546695e-01
7.508490990990991065e+01 1.132716622751236413e-01
7.510848348348348225e+01 1.156572050164804549e-01
7.513205705705705384e+01 1.180811558026120117e-01
7.515563063063062543e+01 1.205438287647637025e-01
7.517920420420419703e+01 1.230455328410405419e-01
7.520277777777778283e+01 1.255865715430059260e-01
7.522635135135135442e+01 1.281672427201625275e-01
7.524992492492492602e+01 1.307878383224397312e-01
7.527349849849849761e+01 1.334486441607582730e-01
7.529707207207206920e+01 1.361499396658017447e-01
7.532064564564564080e+01 1.388919976450957994e-01
7.534421921921921239e+01 1.416750840385088972e-01
7.536779279279278398e+01 1.444994576722917756e-01
7.539136636636636979e+01 1.473653700117772969e-01
7.541493993993994138e+01 1.502730649128527773e-01
7.543851351351351298e+01 1.532227783723583148e-01
7.546208708708708457e+01 1.562147382775060933e-01
7.548566066066065616e+01 1.592491641544790393e-01
7.550923423423422776e+01 1.623262669163360039e-01
7.553280780780779935e+01 1.654462486103637220e-01
7.555638138138138515e+01 1.686093021650205415e-01
7.557995495495495675e+01 1.718156111366058170e-01
7.560352852852852834e+01 1.750653494558328249e-01
7.562710210210209993e+01 1.783586811744179712e-01
7.565067567567567153e+01 1.816957602118693393e-01
7.567424924924924312e+01 1.850767301026215172e-01
7.569782282282281471e+01 1.885017237436768800e-01
7.572139639639640052e+01 1.919708631429191126e-01
7.574496996996997211e+01 1.954842591682516839e-01
7.576854354354354371e+01 1.990420112977595024e-01
7.579211711711711530e+01 2.026442073710227887e-01
7.581569069069068689e+01 2.062909233417860588e-01
7.583926426426425849e+01 2.099822230321449212e-01
7.586283783783783008e+01 2.137181578884289057e-01
7.588641141141141588e+01 2.174987667389614299e-01
7.590998498498498748e+01 2.213240755538631865e-01
7.593355855855855907e+01 2.251940972071164448e-01
7.595713213213213066e+01 2.291088312410271555e-01
7.598070570570570226e+01 2.330682636333059887e-01
7.600427927927927385e+01 2.370723665669397517e-01
7.602785285285284544e+01 2.411210982030451144e-01
7.605142642642641704e+01 2.452144024568929659e-01
7.607500000000000284e+01 2.493522087772967188e-01
7.609857357357357444e+01 2.535344319295397275e-01
7.612214714714714603e+01 2.577609717820729118e-01
7.614572072072071762e+01 2.620317130971231423e-01
7.616929429429428922e+01 2.663465253254442278e-01
7.619286786786786081e+01 2.707052624053883916e-01
7.621644144144144661e+01 2.751077625664964943e-01
7.624001501501501821e+01 2.795538481377843887e-01
7.626358858858858980e+01 2.840433253609593867e-01
7.628716216216216139e+01 2.885759842087057825e-01
7.631073573573573299e+01 2.931515982082714133e-01
7.633430930930930458e+01 2.977699242705331706e-01
7.635788288288287617e+01 3.024307025247318648e-01
7.638145645645644777e+01 3.071336561590697900e-01
7.640503003003003357e+01 3.118784912673605580e-01
7.642860360360360517e+01 3.166648967019025096e-01
7.645217717717717676e+01 3.214925439328047418e-01
7.647575075075074835e+01 3.263610869138926507e-01
7.649932432432431995e+01 3.312701619554188071e-01
7.652289789789789154e+01 3.362193876037423701e-01
7.654647147147147734e+01 3.412083645281620004e-01
7.657004504504504894e+01 3.462366754150594250e-01
7.659361861861862053e+01 3.513038848695726468e-01
7.661719219219219212e+01 3.564095393249100407e-01
7.664076576576576372e+01 3.615531669595173359e-01
7.666433933933933531e+01 3.667342776222456968e-01
7.668791291291290690e+01 3.719523627656834974e-01
7.671148648648647850e+01 3.772068953878125463e-01
7.673506006006006430e+01 3.824973299821441963e-01
7.675863363363363590e+01 3.878231024964683415e-01
7.678220720720720749e+01 3.931836303004104805e-01
7.680578078078077908e+01 3.985783121618728386e-01
7.682935435435435068e+01 4.040065282325506213e-01
7.685292792792792227e+01 4.094676400426335849e-01
7.687650150150149386e+01 4.149609905048278202e-01
7.690007507507507967e+01 4.204859039278258104e-01
7.692364864864865126e+01 4.260416860393222982e-01
7.694722222222222285e+01 4.316276240187429392e-01
7.697079579579579445e+01 4.372429865397255422e-01
7.699436936936936604e+01 4.428870238225097178e-01
7.701794294294293763e+01 4.485589676963110395e-01
7.704151651651650923e+01 4.542580316717769739e-01
7.706509009009008082e+01 4.599834110236096785e-01
7.708866366366366663e+01 4.657342828834389881e-01
7.711223723723723822e+01 4.715098063430008812e-01
7.713581081081080981e+01 4.773091225677386640e-01
7.715938438438438141e+01 4.831313549208200442e-01
7.718295795795795300e+01 4.889756090976765113e-01
7.720653153153152459e+01 4.948409732710918330e-01
7.723010510510511040e+01 5.007265182468877418e-01
7.725367867867868199e+01 5.066312976302195237e-01
7.727725225225225358e+01 5.125543480025613885e-01
7.730082582582582518e+01 5.184946891093309418e-01
7.732439939939939677e+01 5.244513240582178160e-01
7.734797297297296836e+01 5.304232395282006962e-01
7.737154654654653996e+01 5.364094059892531297e-01
7.739512012012011155e+01 5.424087779327282366e-01
7.741869369369369736e+01 5.484202941124100006e-01
7.744226726726726895e+01 5.544428777961802890e-01
7.746584084084084054e+01 5.604754370283270282e-01
7.748941441441441214e+01 5.665168649023766267e-01
7.751298798798798373e+01 5.725660398444578636e-01
7.753656156156155532e+01 5.786218259071186365e-01
7.756013513513514113e+01 5.846830730735365078e-01
7.758370870870871272e+01 5.907486175720305654e-01
7.760728228228228431e+01 5.968172822008454004e-01
7.763085585585585591e+01 6.028878766630487718e-01
7.765442942942942750e+01 6.089591979114971076e-01
7.767800300300299909e+01 6.150300305037442739e-01
7.770157657657657069e+01 6.210991469667828113e-01
7.772515015015014228e+01 6.271653081714968492e-01
7.774872372372372809e+01 6.332272637167001283e-01
7.777229729729729968e+01 6.392837523226004848e-01
7.779587087087087127e+01 6.453335022336005311e-01
7.781944444444444287e+01 6.513752316302067191e-01
7.784301801801801446e+01 6.574076490499413117e-01
7.786659159159158605e+01 6.634294538170660838e-01
7.789016516516517186e+01 6.694393364809472224e-01
7.791373873873874345e+01 6.754359792628560344e-01
7.793731231231231504e+01 6.814180565110670162e-01
7.796088588588588664e+01 6.873842351639796178e-01
7.798445945945945823e+01 6.933331752211133736e-01
7.800803303303302982e+01 6.992635302217368176e-01
7.803160660660660142e+01 7.051739477309135751e-01
7.805518018018017301e+01 7.110630698327359278e-01
7.807875375375375882e+01 7.169295336305125943e-01
7.810232732732733041e+01 7.227719717536478239e-01
7.812590090090090200e+01 7.285890128710119651e-01
7.814947447447447360e+01 7.343792822104797668e-01
7.817304804804804519e+01 7.401414020844238051e-01
7.819662162162161678e+01 7.458739924208733774e-01
7.822019519519518838e+01 7.515756713000669720e-01
7.824376876876877418e+01 7.572450554961198677e-01
7.826734234234234577e+01 7.628807610234994430e-01
7.829091591591591737e+01 7.684814036880665000e-01
7.831448948948948896e+01 7.740455996423154517e-01
7.833806306306306055e+01 7.795719659445620175e-01
7.836163663663663215e+01 7.850591211217485821e-01
7.838521021021020374e+01 7.905056857355575728e-01
7.840878378378377533e+01 7.959102829515154465e-01
7.843235735735736114e+01 8.012715391107672058e-01
7.845593093093093273e+01 8.065880843041766113e-01
7.847950450450450433e+01 8.118585529484700913e-01
7.850307807807807592e+01 8.170815843640248932e-01
7.852665165165164751e+01 8.222558233540141481e-01
7.855022522522521911e+01 8.273799207845476955e-01
7.857379879879880491e+01 8.324525341654716026e-01
7.859737237237237650e+01 8.374723282314627815e-01
7.862094594594594810e+01 8.424379755231152789e-01
7.864451951951951969e+01 8.473481569676069025e-01
7.866809309309309128e+01 8.522015624586389837e-01
7.869166666666666288e+01 8.569968914352781297e-01
7.871524024024023447e+01 8.617328534593462486e-01
7.873881381381380606e+01 8.664081687910029084e-01
7.876238738738739187e+01 8.710215689621666479e-01
7.878596096096096346e+01 8.755717973473994276e-01
7.880953453453453506e+01 8.800576097319386948e-01
7.883310810810810665e+01 8.844777748764647285e-01
7.885668168168167824e+01 8.888310750782857372e-01
7.888025525525524984e+01 8.931163067285691204e-01
7.890382882882883564e+01 8.973322808652681726e-01
7.892740240240240723e+01 9.014778237213731948e-01
7.895097597597597883e+01 9.055517772681748179e-01
7.897454954954955042e+01 9.095529997531353050e-01
7.899812312312312201e+01 9.134803662320581941e-01
7.902169669669669361e+01 9.173327690951948998e-01
7.904527027027026520e+01 9.211091185869462183e-01
7.906884384384383679e+01 9.248083433188187819e-01
7.909241741741742260e+01 9.284293907753000674e-01
7.911599099099099419e+01 9.319712278123067906e-01
7.913956456456456579e+01 9.354328411479077010e-01
7.916313813813813738e+01 9.388132378449517423e-01
7.918671171171170897e+01 9.421114457853133617e-01
7.921028528528528057e+01 9.453265141354245671e-01
7.923385885885886637e+01 9.484575138027863117e-01
7.925743243243243796e+01 9.515035378831403490e-01
7.928100600600600956e+01 9.544637020980303310e-01
7.930457957957958115e+01 9.573371452224177514e-01
7.932815315315315274e+01 9.601230295020921623e-01
7.935172672672672434e+01 9.628205410605810144e-01
7.937530030030029593e+01 9.654288902952855578e-01
7.939887387387386752e+01 9.679473122625705805e-01
7.942244744744745333e+01 9.703750670515495225e-01
7.944602102102102492e+01 9.727114401462978455e-01
7.946959459459459651e+01 9.749557427762709505e-01
7.949316816816816811e+01 9.771073122546541923e-01
7.951674174174173970e+01 9.791655123044370468e-01
7.954031531531531130e+01 9.811297333719756208e-01
7.956388888888888289e+01 9.829993929278298959e-01
7.958746246246246869e+01 9.847739357546697603e-01
7.961103603603604029e+01 9.864528342220414414e-01
7.963460960960961188e+01 9.880355885478239175e-01
7.965818318318318347e+01 9.895217270461683645e-01
7.968175675675675507e+01 9.909108063617683149e-01
7.970533033033032666e+01 9.922024116902883328e-01
7.972890390390389825e+01 9.933961569848006601e-01
7.975247747747746985e+01 9.944916851480850584e-01
7.977605105105105565e+01 9.954886682106587337e-01
7.979962462462462724e+01 9.963868074944082220e-01
7.982319819819819884e+01 9.971858337617188761e-01
7.984677177177177043e+01 9.978855073499837136e-01
7.987034534534534203e+01 9.984856182914085831e-01
7.989391891891891362e+01 9.989859864180258286e-01
7.991749249249249942e+01 9.993864614518421785e-01
7.994106606606607102e+01 9.996869230800587980e-01
7.996463963963964261e+01 9.998872810153116575e-01
7.998821321321321420e+01 9.999874750408879187e-01
8.001178678678678580e+01 9.999874750408879187e-01
8.003536036036035739e+01 9.998872810153116575e-01
8.005893393393392898e+01 9.996869230800587980e-01
8.008250750750750058e+01 9.993864614518421785e-01
8.010608108108108638e+01 9.989859864180258286e-01
8.012965465465465797e+01 9.984856182914085831e-01
8.015322822822822957e+01 9.978855073499837136e-01
8.017680180180180116e+01 9.971858337617188761e-01
8.020037537537537276e+01 9.963868074944082220e-01
8.022394894894894435e+01 9.954886682106587337e-01
8.024752252252253015e+01 9.944916851480850584e-01
8.027109609609610175e+01 9.933961569848006601e-01
8.029466966966967334e+01 9.922024116902883328e-01
8.031824324324324493e+01 9.909108063617683149e-01
8.034181681681681653e+01 9.895217270461683645e-01
8.036539039039038812e+01 9.880355885478239175e-01
8.038896396396395971e+01 9.864528342220414414e-01
8.041253753753753131e+01 9.847739357546697603e-01
8.043611111111111711e+01 9.829993929278298959e-01
8.045968468468468870e+01 9.811297333719756208e-01
8.048325825825826030e+01 9.791655123044370468e-01
8.050683183183183189e+01 9.771073122546541923e-01
8.053040540540540349e+01 9.749557427762709505e-01
8.055397897897897508e+01 9.727114401462978455e-01
8.057755255255254667e+01 9.703750670515495225e-01
8.060112612612613248e+01 9.679473122625705805e-01
8.062469969969970407e+01 9.654288902952855578e-01
8.064827327327327566e+01 9.628205410605810144e-01
8.067184684684684726e+01 9.601230295020921623e-01
8.069542042042041885e+01 9.573371452224177514e-01
8.071899399399399044e+01 9.544637020980303310e-01
8.074256756756756204e+01 9.515035378831403490e-01
8.076614114114113363e+01 9.484575138027863117e-01
8.078971471471471943e+01 9.453265141354245671e-01
8.081328828828829103e+01 9.421114457853133617e-01
8.083686186186186262e+01 9.388132378449517423e-01
8.086043543543543421e+01 9.354328411479077010e-01
8.088400900900900581e+01 9.319712278123067906e-01
8.090758258258257740e+01 9.284293907753000674e-01
8.093115615615616321e+01 9.248083433188187819e-01
8.095472972972973480e+01 9.211091185869462183e-01
8.097830330330330639e+01 9.173327690951948998e-01
8.100187687687687799e+01 9.134803662320581941e-01
8.102545045045044958e+01 9.095529997531353050e-01
8.104902402402402117e+01 9.055517772681748179e-01
8.107259759759759277e+01 9.014778237213731948e-01
8.109617117117116436e+01 8.973322808652681726e-01
8.111974474474475016e+01 8.931163067285691204e-01
8.114331831831832176e+01 8.888310750782857372e-01
8.116689189189189335e+01 8.844777748764647285e-01
8.119046546546546494e+01 8.800576097319386948e-01
8.121403903903903654e+01 8.755717973473994276e-01
8.123761261261260813e+01 8.710215689621666479e-01
8.126118618618619394e+01 8.664081687910029084e-01
8.128475975975976553e+01 8.617328534593462486e-01
8.130833333333333712e+01 8.569968914352781297e-01
8.133190690690690872e+01 8.522015624586389837e-01
8.135548048048048031e+01 8.473481569676069025e-01
8.137905405405405190e+01 8.424379755231152789e-01
8.140262762762762350e+01 8.374723282314627815e-01
8.142620120120119509e+01 8.324525341654716026e-01
8.144977477477478089e+01 8.273799207845476955e-01
8.147334834834835249e+01 8.222558233540141481e-01
8.149692192192192408e+01 8.170815843640248932e-01
8.152049549549549567e+01 8.118585529484700913e-01
8.154406906906906727e+01 8.065880843041766113e-01
8.156764264264263886e+01 8.012715391107672058e-01
8.159121621621622467e+01 7.959102829515154465e-01
8.161478978978979626e+01 7.905056857355575728e-01
8.163836336336336785e+01 7.850591211217485821e-01
8.166193693693693945e+01 7.795719659445620175e-01
8.168551051051051104e+01 7.740455996423154517e-01
8.170908408408408263e+01 7.684814036880665000e-01
8.173265765765765423e+01 7.628807610234994430e-01
8.175623123123122582e+01 7.572450554961198677e-01
8.177980480480481162e+01 7.515756713000669720e-01
8.180337837837838322e+01 7.458739924208733774e-01
8.182695195195195481e+01 7.401414020844238051e-01
8.185052552552552640e+01 7.343792822104797668e-01
8.187409909909909800e+01 7.285890128710119651e-01
8.189767267267266959e+01 7.227719717536478239e-01
8.192124624624624118e+01 7.169295336305125943e-01
8.194481981981982699e+01 7.110630698327359278e-01
8.196839339339339858e+01 7.051739477309135751e-01
8.199196696696697018e+01 6.992635302217368176e-01
8.201554054054054177e+01 6.933331752211133736e-01
8.203911411411411336e+01 6.873842351639796178e-01
8.206268768768768496e+01 6.814180565110670162e-01
8.208626126126125655e+01 6.754359792628560344e-01
8.210983483483482814e+01 6.694393364809472224e-01
8.213340840840841395e+01 6.634294538170660838e-01
8.215698198198198554e+01 6.574076490499413117e-01
8.218055555555555713e+01 6.513752316302067191e-01
8.220412912912912873e+01 6.453335022336005311e-01
8.222770270270270032e+01 6.392837523226004848e-01
8.225127627627627191e+01 6.332272637167001283e-01
8.227484984984985772e+01 6.271653081714968492e-01
8.229842342342342931e+01 6.210991469667828113e-01
8.232199699699700091e+01 6.150300305037442739e-01
8.234557057057057250e+01 6.089591979114971076e-01
8.236914414414414409e+01 6.028878766630487718e-01
8.239271771771771569e+01 5.968172822008454004e-01
8.241629129129128728e+01 5.907486175720305654e-01
8.243986486486485887e+01 5.846830730735365078e-01
8.246343843843844468e+01 5.786218259071186365e-01
8.248701201201201627e+01 5.725660398444578636e-01
8.251058558558558786e+01 5.665168649023766267e-01
8.253415915915915946e+01 5.604754370283270282e-01
8.255773273273273105e+01 5.544428777961802890e-01
8.258130630630630264e+01 5.484202941124100006e-01
8.260487987987988845e+01 5.424087779327282366e-01
8.262845345345346004e+01 5.364094059892531297e-01
8.265202702702703164e+01 5.304232395282006962e-01
8.267560060060060323e+01 5.244513240582178160e-01
8.269917417417417482e+01 5.184946891093309418e-01
8.272274774774774642e+01 5.125543480025613885e-01
8.274632132132131801e+01 5.066312976302195237e-01
8.276989489489488960e+01 5.007265182468877418e-01
8.279346846846847541e+01 4.948409732710918330e-01
8.281704204204204700e+01 4.889756090976765113e-01
8.284061561561561859e+01 4.831313549208200442e-01
8.286418918918919019e+01 4.773091225677386640e-01
8.288776276276276178e+01 4.715098063430008812e-01
8.291133633633633337e+01 4.657342828834389881e-01
8.293490990990991918e+01 4.599834110236096785e-01
8.295848348348349077e+01 4.542580316717769739e-01
8.298205705705706237e+01 4.485589676963110395e-01
8.300563063063063396e+01 4.428870238225097178e-01
8.302920420420420555e+01 4.372429865397255422e-01
8.305277777777777715e+01 4.316276240187429392e-01
8.307635135135134874e+01 4.260416860393222982e-01
8.309992492492492033e+01 4.204859039278258104e-01
8.312349849849850614e+01 4.149609905048278202e-01
8.314707207207207773e+01 4.094676400426335849e-01
8.317064564564564932e+01 4.040065282325506213e-01
8.319421921921922092e+01 3.985783121618728386e-01
8.321779279279279251e+01 3.931836303004104805e-01
8.324136636636636410e+01 3.878231024964683415e-01
8.326493993993993570e+01 3.824973299821441963e-01
8.328851351351352150e+01 3.772068953878125463e-01
8.331208708708709310e+01 3.719523627656834974e-01
8.333566066066066469e+01 3.667342776222456968e-01
8.335923423423423628e+01 3.615531669595173359e-01
8.338280780780780788e+01 3.564095393249100407e-01
8.340638138138137947e+01 3.513038848695726468e-01
8.342995495495495106e+01 3.462366754150594250e-01
8.345352852852852266e+01 3.412083645281620004e-01
8.347710210210210846e+01 3.362193876037423701e-01
8.350067567567568005e+01 3.312701619554188071e-01
8.352424924924925165e+01 3.263610869138926507e-01
8.354782282282282324e+01 3.214925439328047418e-01
8.357139639639639483e+01 3.166648967019025096e-01
8.359496996996996643e+01 3.118784912673605580e-01
8.361854354354355223e+01 3.071336561590697900e-01
8.364211711711712383e+01 3.024307025247318648e-01
8.366569069069069542e+01 2.977699242705331706e-01
8.368926426426426701e+01 2.931515982082714133e-01
8.371283783783783861e+01 2.885759842087057825e-01
8.373641141141141020e+01 2.840433253609593867e-01
8.375998498498498179e+01 2.795538481377843887e-01
8.378355855855855339e+01 2.751077625664964943e-01
8.380713213213213919e+01 2.707052624053883916e-01
8.383070570570571078e+01 2.663465253254442278e-01
8.385427927927928238e+01 2.620317130971231423e-01
8.387785285285285397e+01 2.577609717820729118e-01
8.390142642642642556e+01 2.535344319295397275e-01
8.392499999999999716e+01 2.493522087772967188e-01
8.394857357357358296e+01 2.452144024568929659e-01
8.397214714714715456e+01 2.411210982030451144e-01
8.399572072072072615e+01 2.370723665669397517e-01
8.401929429429429774e+01 2.330682636333059887e-01
8.404286786786786934e+01 2.291088312410271555e-01
8.406644144144144093e+01 2.251940972071164448e-01
8.409001501501501252e+01 2.213240755538631865e-01
8.411358858858858412e+01 2.174987667389614299e-01
8.413716216216216992e+01 2.137181578884289057e-01
8.416073573573574151e+01 2.099822230321449212e-01
8.418430930930931311e+01 2.062909233417860588e-01
8.420788288288288470e+01 2.026442073710227887e-01
8.423145645645645629e+01 1.990420112977595024e-01
8.425503003003002789e+01 1.954842591682516839e-01
8.427860360360361369e+01 1.919708631429170309e-01
8.430217717717718529e+01 1.885017237436768800e-01
8.432575075075075688e+01 1.850767301026215172e-01
8.434932432432432847e+01 1.816957602118693393e-01
8.437289789789790007e+01 1.783586811744179712e-01
8.439647147147147166e+01 1.750653494558328249e-01
8.442004504504504325e+01 1.718156111366058170e-01
8.444361861861861485e+01 1.686093021650205415e-01
8.446719219219218644e+01 1.654462486103656371e-01
8.449076576576577224e+01 1.623262669163360039e-01
8.451433933933934384e+01 1.592491641544790393e-01
8.453791291291291543e+01 1.562147382775060933e-01
8.456148648648648702e+01 1.532227783723583148e-01
8.458506006006005862e+01 1.502730649128527773e-01
8.460863363363364442e+01 1.473653700117755205e-01
8.463220720720721602e+01 1.444994576722917756e-01
8.465578078078078761e+01 1.416750840385088972e-01
8.467935435435435920e+01 1.388919976450957994e-01
8.470292792792793080e+01 1.361499396658017447e-01
8.472650150150150239e+01 1.334486441607582730e-01
8.475007507507507398e+01 1.307878383224397312e-01
8.477364864864864558e+01 1.281672427201625275e-01
8.479722222222221717e+01 1.255865715430059260e-01
8.482079579579580297e+01 1.230455328410405419e-01
8.484436936936937457e+01 1.205438287647637025e-01
8.486794294294294616e+01 1.180811558026120117e-01
8.489151651651651775e+01 1.156572050164804549e-01
8.491509009009008935e+01 1.132716622751236413e-01
8.493866366366366094e+01 1.109242084853546695e-01
8.496223723723724675e+01 1.086145198209450546e-01
8.498581081081081834e+01 1.063422679491458772e-01
8.500938438438438993e+01 1.041071202547236563e-01
8.503295795795796153e+01 1.019087400614572397e-01
8.505653153153153312e+01 9.974678685099649944e-02
8.508010510510510471e+01 9.762091647901562086e-02
8.510367867867867631e+01 9.553078138858954460e-02
8.512725225225224790e+01 9.347603082072394876e-02
8.515082582582581949e+01 9.145631102197560036e-02
8.517439939939940530e+01 8.947126544910001533e-02
8.519797297297297689e+01 8.752053497067570353e-02
8.522154654654654848e+01 8.560375806563313983e-02
8.524512012012012008e+01 8.372057101866094142e-02
8.526869369369369167e+01 8.187060811242348468e-02
8.529226726726727748e+01 8.005350181655140895e-02
8.531584084084084907e+01 7.826888297336921652e-02
8.533941441441442066e+01 7.651638098030513757e-02
8.536298798798799226e+01 7.479562396897040943e-02
8.538656156156156385e+01 7.310623898085921724e-02
8.541013513513513544e+01 7.144785213964721660e-02
8.543370870870870704e+01 6.982008882006141004e-02
8.545728228228227863e+01 6.822257381329910331e-02
8.548085585585585022e+01 6.665493148897488895e-02
8.550442942942943603e+01 6.511678595357850430e-02
8.552800300300300762e+01 6.360776120543415457e-02
8.555157657657657921e+01 6.212748128613641840e-02
8.557515015015015081e+01 6.067557042847145782e-02
8.559872372372372240e+01 5.925165320080472142e-02
8.562229729729730821e+01 5.785535464793475913e-02
8.564587087087087980e+01 5.648630042841722848e-02
8.566944444444445139e+01 5.514411694834750466e-02
8.569301801801802299e+01 5.382843149162220425e-02
8.571659159159159458e+01 5.253887234667364153e-02
8.574016516516516617e+01 5.127506892969032476e-02
8.576373873873873777e+01 5.003665190433357474e-02
8.578731231231230936e+01 4.882325329796276953e-02
8.581088588588588095e+01 4.763450661438457107e-02
8.583445945945946676e+01 4.647004694314221807e-02
8.585803303303303835e+01 4.532951106536795005e-02
8.588160660660660994e+01 4.421253755620927622e-02
8.590518018018018154e+01 4.311876688386552525e-02
8.592875375375375313e+01 4.204784150524911585e-02
8.595232732732733893e+01 4.099940595830098289e-02
8.597590090090091053e+01 3.997310695099141886e-02
8.599947447447448212e+01 3.896859344702664069e-02
8.602304804804805372e+01 3.798551674830429048e-02
8.604662162162162531e+01 3.702353057414155268e-02
8.607019519519519690e+01 3.608229113731331594e-02
8.609376876876876850e+01 3.516145721693499787e-02
8.611734234234234009e+01 3.426069022822727378e-02
8.614091591591591168e+01 3.337965428919983935e-02
8.616448948948949749e+01 3.251801628429328711e-02
8.618806306306306908e+01 3.167544592502199302e-02
8.621163663663664067e+01 3.085161580765169442e-02
8.623521021021021227e+01 3.004620146796425917e-02
8.625878378378378386e+01 2.925888143314473236e-02
8.628235735735735545e+01 2.848933727083811235e-02
8.630593093093094126e+01 2.773725363541953287e-02
8.632950450450451285e+01 2.700231831152605233e-02
8.635307807807808445e+01 2.628422225488953254e-02
8.637665165165165604e+01 2.558265963052674258e-02
8.640022522522522763e+01 2.489732784832717274e-02
8.642379879879879923e+01 2.422792759608935823e-02
8.644737237237237082e+01 2.357416287005392394e-02
8.647094594594594241e+01 2.293574100298198526e-02
8.649451951951951401e+01 2.231237268982872238e-02
8.651809309309309981e+01 2.170377201106091919e-02
8.654166666666667140e+01 2.110965645367093857e-02
8.656524024024024300e+01 2.052974692993176156e-02
8.658881381381381459e+01 1.996376779395085677e-02
8.661238738738738618e+01 1.941144685606775722e-02
8.663596096096097199e+01 1.887251539514806994e-02
8.665953453453454358e+01 1.834670816882610911e-02
8.668310810810811518e+01 1.783376342174190776e-02
8.670668168168168677e+01 1.733342289183011434e-02
8.673025525525525836e+01 1.684543181470604320e-02
8.675382882882882996e+01 1.636953892620202772e-02
8.677740240240240155e+01 1.590549646310347037e-02
8.680097597597597314e+01 1.545306016213538608e-02
8.682454954954954474e+01 1.501198925724912120e-02
8.684812312312313054e+01 1.458204647525892725e-02
8.687169669669670213e+01 1.416299802987942488e-02
8.689527027027027373e+01 1.375461361420934371e-02
8.691884384384384532e+01 1.335666639171541152e-02
8.694241741741741691e+01 1.296893298576129797e-02
8.696599099099100272e+01 1.259119346773072794e-02
8.698956456456457431e+01 1.222323134379397006e-02
8.701313813813814591e+01 1.186483354036112561e-02
8.703671171171171750e+01 1.151579038827391099e-02
8.706028528528528909e+01 1.117589560577856959e-02
8.708385885885886069e+01 1.084494628032725387e-02
8.710743243243243228e+01 1.052274284925272183e-02
8.713100600600600387e+01 1.020908907936122698e-02
8.715457957957957547e+01 9.903792045487547560e-03
8.717815315315316127e+01 9.606662108055627133e-03
8.720172672672673286e+01 9.317512889688803548e-03
8.722530030030030446e+01 9.036161250909145043e-03
8.724887387387387605e+01 8.762427264971313703e-03
8.727244744744744764e+01 8.496134191869052568e-03
8.729602102102101924e+01 8.237108451555893301e-03
8.731959459459460504e+01 7.985179596419346437e-03
8.734316816816817663e+01 7.740180283048418187e-03
8.736674174174174823e+01 7.501946243330554279e-03
8.739031531531531982e+01 7.270316254918536558e-03
8.741388888888889142e+01 7.045132111101891532e-03
8.743746246246246301e+01 6.826238590120005910e-03
8.746103603603603460e+01 6.613483423951986226e-03
8.748460960960960620e+01 6.406717266618101002e-03
8.750818318318319200e+01 6.205793662026575300e-03
8.753175675675676359e+01 6.010569011399596005e-03
8.755533033033033519e+01 5.820902540309248925e-03
8.757890390390390678e+01 5.636656265357427309e-03
8.760247747747747837e+01 5.457694960528942756e-03
8.762605105105104997e+01 5.283886123248615098e-03
8.764962462462463577e+01 5.115099940171746566e-03
8.767319819819820736e+01 4.951209252737140930e-03
8.769677177177177896e+01 4.792089522509189806e-03
8.772034534534535055e+01 4.637618796338242345e-03
8.774391891891892215e+01 4.487677671364112553e-03
8.776749249249249374e+01 4.342149259889229937e-03
8.779106606606606533e+01 4.200919154146122089e-03
8.781463963963963693e+01 4.063875390983616789e-03
8.783821321321320852e+01 3.930908416495200626e-03
8.786178678678679432e+01 3.801911050612311483e-03
8.788536036036036592e+01 3.676778451685059484e-03
8.790893393393393751e+01 3.555408081070590264e-03
8.793250750750750910e+01 3.437699667751357470e-03
8.795608108108108070e+01 3.323555173001983571e-03
8.797965465465466650e+01 3.212878755124505201e-03
8.800322822822823809e+01 3.105576734270819577e-03
8.802680180180180969e+01 3.001557557369272447e-03
8.805037537537538128e+01 2.900731763173974680e-03
8.807394894894895288e+01 2.803011947452407546e-03
8.809752252252252447e+01 2.708312728327649539e-03
8.812109609609609606e+01 2.616550711790452573e-03
8.814466966966966766e+01 2.527644457395853295e-03
8.816824324324323925e+01 2.441514444158306152e-03
8.819181681681682505e+01 2.358083036658741548e-03
8.821539039039039665e+01 2.277274451376691371e-03
8.823896396396396824e+01 2.199014723258918905e-03
8.826253753753753983e+01 2.123231672537246543e-03
8.828611111111111143e+01 2.049854871805899866e-03
8.830968468468469723e+01 1.978815613369132483e-03
8.833325825825826882e+01 1.910046876869335919e-03
8.835683183183184042e+01 1.843483297204404894e-03
8.838040540540541201e+01 1.779061132744169139e-03
8.840397897897898360e+01 1.716718233853567260e-03
8.842755255255255520e+01 1.656394011730796074e-03
8.845112612612612679e+01 1.598029407567753794e-03
8.847469969969969839e+01 1.541566862039663033e-03
8.849827327327326998e+01 1.486950285130398579e-03
8.852184684684685578e+01 1.434125026299406299e-03
8.854542042042042738e+01 1.383037844995989784e-03
8.856899399399399897e+01 1.333636881525589310e-03
8.859256756756757056e+01 1.285871628273355495e-03
8.861614114114114216e+01 1.239692901288843392e-03
8.863971471471471375e+01 1.195052812235863253e-03
8.866328828828829955e+01 1.151904740710926875e-03
8.868686186186187115e+01 1.110203306933529085e-03
8.871043543543544274e+01 1.069904344810644224e-03
8.873400900900901433e+01 1.030964875378295557e-03
8.875758258258258593e+01 9.933430806218677359e-04
8.878115615615615752e+01 9.569982776770101030e-04
8.880472972972972912e+01 9.218908934124735296e-04
8.882830330330330071e+01 8.879824393959519658e-04
8.885187687687687230e+01 8.552354872436778929e-04
8.887545045045045811e+01 8.236136443542348487e-04
8.889902402402402970e+01 7.930815300268644714e-04
8.892259759759760129e+01 7.636047519639183002e-04
8.894617117117117289e+01 7.351498831574787259e-04
8.896974474474474448e+01 7.076844391592669852e-04
8.899331831831833028e+01 6.811768557330850037e-04
8.901689189189190188e+01 6.555964668888200749e-04
8.904046546546547347e+01 6.309134832964492833e-04
8.906403903903904506e+01 6.070989710788809697e-04
8.908761261261261666e+01 5.841248309816629222e-04
8.911118618618618825e+01 5.619637779177569714e-04
8.913475975975975985e+01 5.405893208852695928e-04
8.915833333333333144e+01 5.199757432558563784e-04
8.918190690690690303e+01 5.000980834313845580e-04
8.920548048048048884e+01 4.809321158662170073e-04
8.922905405405406043e+01 4.624543324524499018e-04
8.925262762762763202e+01 4.446419242650276457e-04
8.927620120120120362e+01 4.274727636639352865e-04
8.929977477477477521e+01 4.109253867501274477e-04
8.932334834834836101e+01 3.949789761719748357e-04
8.934692192192193261e+01 3.796133442788697347e-04
8.937049549549550420e+01 3.648089166183446429e-04
8.939406906906907579e+01 3.505467157732857766e-04
8.941764264264264739e+01 3.368083455354021214e-04
8.944121621621621898e+01 3.235759754112116447e-04
8.946478978978979058e+01 3.108323254566758048e-04
8.948836336336336217e+01 2.985606514365363477e-04
8.951193693693693376e+01 2.867447303043395897e-04
8.953551051051051957e+01 2.753688459990727812e-04
8.955908408408409116e+01 2.644177755543196851e-04
8.958265765765766275e+01 2.538767755156513643e-04
8.960623123123123435e+01 2.437315686621595041e-04
8.962980480480480594e+01 2.339683310277607922e-04
8.965337837837839174e+01 2.245736792180012256e-04
8.967695195195196334e+01 2.155346580180527794e-04
8.970052552552553493e+01 2.068387282874489168e-04
8.972409909909910652e+01 1.984737551372942293e-04
8.974767267267267812e+01 1.904279963854504226e-04
8.977124624624624971e+01 1.826900912853262498e-04
8.979481981981982130e+01 1.752490495238296058e-04
8.981839339339339290e+01 1.680942404840555008e-04
8.984196696696696449e+01 1.612153827682749282e-04
8.986554054054055030e+01 1.546025339767837642e-04
8.988911411411412189e+01 1.482460807382161784e-04
8.991268768768769348e+01 1.421367289868329575e-04
8.993626126126126508e+01 1.362654944824669330e-04
8.995983483483483667e+01 1.306236935686636957e-04
8.998340840840840826e+01 1.252029341646702183e-04
9.000698198198199407e+01 1.199951069869054380e-04
9.003055555555556566e+01 1.149923769956002372e-04
9.005412912912913725e+01 1.101871750622454555e-04
9.007770270270270885e+01 1.055721898536383425e-04
9.010127627627628044e+01 1.011403599282179511e-04
9.012484984984985203e+01 9.688486604049744311e-05
9.014842342342342363e+01 9.279912364939622708e-05
9.017199699699699522e+01 8.887677562632788852e-05
9.019557057057056682e+01 8.511168515892291613e-05
9.021914414414415262e+01 8.149792884631660238e-05
9.024271771771772421e+01 7.802978998197484975e-05
9.026629129129129581e+01 7.470175202003859617e-05
9.028986486486486740e+01 7.150849222127621013e-05
9.031343843843843899e+01 6.844487547471200979e-05
9.033701201201202480e+01 6.550594829107979290e-05
9.036058558558559639e+01 6.268693296430051715e-05
9.038415915915916798e+01 5.998322189719256062e-05
9.040773273273273958e+01 5.739037208773612874e-05
9.043130630630631117e+01 5.490409977219795802e-05
9.045487987987988276e+01 5.252027522151302488e-05
9.047845345345345436e+01 5.023491768735701362e-05
9.050202702702702595e+01 4.804419049439590862e-05
9.052560060060059755e+01 4.594439627525299458e-05
9.054917417417418335e+01 4.393197234478322526e-05
9.057274774774775494e+01 4.200348621030739165e-05
9.059632132132132654e+01 4.015563121448523264e-05
9.061989489489489813e+01 3.838522230760380260e-05
9.064346846846846972e+01 3.668919194606749367e-05
9.066704204204205553e+01 3.506458611395556202e-05
9.069061561561562712e+01 3.350856046456370066e-05
9.071418918918919871e+01 3.201837657888298303e-05
9.073776276276277031e+01 3.059139833805602740e-05
9.076133633633634190e+01 2.922508840686989734e-05
9.078490990990991349e+01 2.791700482542143843e-05
9.080848348348348509e+01 2.666479770613521102e-05
9.083205705705705668e+01 2.546620603336975739e-05
9.085563063063062827e+01 2.431905456290213153e-05
9.087920420420421408e+01 2.322125081863080155e-05
9.090277777777778567e+01 2.217078218389615391e-05
9.092635135135135727e+01 2.116571308485604378e-05
9.094992492492492886e+01 2.020418226342768320e-05
9.097349849849850045e+01 1.928440013733784538e-05
9.099707207207207205e+01 1.840464624488618914e-05
9.102064564564565785e+01 1.756326677207421978e-05
9.104421921921922944e+01 1.675867215980461996e-05
9.106779279279280104e+01 1.598933478889769054e-05
9.109136636636637263e+01 1.525378674073582444e-05
9.111493993993994422e+01 1.455061763138004354e-05
9.113851351351351582e+01 1.387847251706010326e-05
9.116208708708708741e+01 1.323604986898518237e-05
9.118566066066065900e+01 1.262209961546789487e-05
9.120923423423424481e+01 1.203542124940253324e-05
9.123280780780781640e+01 1.147486199918497837e-05
9.125638138138138800e+01 1.093931506120063238e-05
9.127995495495495959e+01 1.042771789206356497e-05
9.130352852852853118e+01 9.939050558820755295e-06
9.132710210210210278e+01 9.472334145387481587e-06
9.135067567567568858e+01 9.026629213518413904e-06
9.137424924924926017e+01 8.601034316664145693e-06
9.139782282282283177e+01 8.194684565097884284e-06
9.142139639639640336e+01 7.806750240747713536e-06
9.144496996996997495e+01 7.436435460199432166e-06
9.146854354354354655e+01 7.082976884381001553e-06
9.149211711711711814e+01 6.745642473475199528e-06
9.151569069069068973e+01 6.423730285646173130e-06
9.153926426426426133e+01 6.116567318201976114e-06
9.156283783783784713e+01 5.823508389852118598e-06
9.158641141141141873e+01 5.543935062755662555e-06
9.160998498498499032e+01 5.277254603087323199e-06
9.163355855855856191e+01 5.022898978889174647e-06
9.165713213213213351e+01 4.780323894003468028e-06
9.168070570570571931e+01 4.549007856918468000e-06
9.170427927927929090e+01 4.328451283391477167e-06
9.172785285285286250e+01 4.118175631742286340e-06
9.175142642642643409e+01 3.917722569745780124e-06
9.177500000000000568e+01 3.726653172078631128e-06
