#################################### 
# Matrix Size= (30,0.275,70)
# Resol      = (1,1,2000)
# VoxelSize  = (30,0.275,0.035)
# nbVal      = 2000
#################################### 
69
70
57
57
58
71
57
65
67
60
66
67
61
62
67
65
55
66
62
59
65
67
58
78
47
66
59
74
67
68
59
55
64
63
71
64
61
63
84
54
63
50
73
60
71
61
69
64
60
70
66
51
79
70
44
63
79
70
64
59
67
65
55
64
68
71
52
68
56
74
72
54
59
78
60
71
67
64
65
58
70
65
60
70
69
56
70
68
67
61
67
79
64
56
61
76
59
55
55
84
70
70
57
67
69
70
74
54
71
74
63
62
65
74
57
71
68
71
59
73
63
83
57
67
63
61
78
66
70
75
59
61
63
76
69
68
55
72
73
69
62
67
77
73
65
64
64
79
72
62
66
68
68
73
68
76
68
68
76
55
74
64
71
75
58
71
65
57
89
70
59
71
65
84
59
79
64
69
72
74
76
64
73
66
75
70
74
61
73
65
67
75
63
74
72
70
66
75
57
71
66
70
75
59
65
77
62
68
75
71
67
61
78
66
81
71
70
60
72
75
85
71
51
75
76
68
78
62
76
68
64
73
90
64
57
68
71
69
69
78
71
68
71
74
70
71
57
75
76
73
71
68
70
63
77
72
63
68
66
69
76
62
70
69
56
77
66
74
65
78
60
73
66
69
81
68
68
74
60
73
64
73
76
68
66
66
76
68
68
71
61
76
72
64
72
72
73
72
63
73
77
66
73
76
62
71
69
66
71
83
67
73
66
75
67
74
78
60
68
79
63
72
78
74
66
74
76
61
76
87
53
78
74
72
70
77
63
61
79
76
54
69
80
74
70
71
70
75
73
71
67
61
80
60
63
75
62
80
66
65
69
71
64
61
77
71
66
73
67
56
78
75
69
60
71
77
62
71
64
66
71
77
61
70
68
69
62
67
72
62
66
66
61
74
73
61
62
69
61
77
63
62
64
72
58
57
78
59
70
63
77
66
72
69
64
78
52
77
57
63
59
73
66
64
74
61
75
58
60
62
62
70
72
62
53
62
72
55
81
54
64
69
52
63
54
68
67
56
68
48
69
76
58
56
57
61
74
48
67
63
62
68
59
54
70
68
64
61
65
60
62
42
63
74
68
60
60
49
57
74
60
63
68
51
64
55
64
67
56
58
63
61
63
56
58
63
62
67
63
56
48
63
61
57
60
66
71
52
54
59
57
68
63
59
59
56
74
56
58
66
71
51
52
69
49
63
55
56
73
59
55
75
52
62
64
59
68
61
54
56
65
66
55
58
59
59
59
59
59
62
64
59
62
56
65
60
56
70
55
44
62
54
72
45
68
49
54
67
59
53
59
58
47
59
70
49
67
58
59
48
53
59
65
49
57
70
45
47
64
55
56
63
58
53
57
61
46
63
57
53
60
52
54
65
46
53
52
57
50
61
63
46
52
63
45
67
51
50
46
59
56
55
56
56
60
53
58
55
48
55
53
54
64
50
49
59
51
53
55
47
49
64
52
58
62
49
60
62
46
53
61
65
59
55
47
67
58
48
50
72
62
54
43
67
54
61
59
63
45
57
55
58
56
59
65
57
62
52
52
53
59
71
48
54
50
62
56
55
52
58
56
55
54
55
56
53
66
47
56
59
53
60
52
47
54
63
62
56
59
51
55
68
52
53
59
73
56
54
58
58
62
51
61
57
61
61
64
57
44
62
56
62
56
53
70
48
45
70
58
57
62
48
61
72
51
47
56
60
55
64
53
70
48
54
60
61
53
53
65
60
56
65
56
57
62
63
53
64
53
55
63
59
60
64
50
63
51
68
71
53
54
66
60
60
54
65
64
57
51
64
66
64
53
68
63
55
61
56
48
73
63
47
74
59
65
44
70
64
59
60
54
72
49
70
50
61
56
58
61
61
54
57
72
62
59
67
55
57
66
58
61
61
68
63
61
62
63
70
58
67
60
71
60
59
58
68
73
55
82
63
54
75
65
58
69
60
59
65
67
51
72
65
71
59
64
67
60
58
67
63
68
73
57
54
70
59
62
76
56
68
65
57
63
60
60
66
71
57
70
45
62
73
54
76
63
66
51
72
51
60
68
63
68
69
59
53
76
65
48
59
68
59
71
55
59
61
65
64
47
79
61
56
58
57
67
48
66
71
55
60
59
68
56
56
72
53
61
56
58
60
60
66
59
56
72
44
67
55
65
62
64
55
50
62
62
60
56
54
65
63
53
57
59
54
60
58
62
52
65
63
57
51
54
68
51
54
59
65
55
61
52
57
71
60
43
78
56
57
50
49
65
65
53
71
53
59
57
55
59
54
53
67
59
49
66
60
51
51
61
60
49
68
44
54
50
46
60
51
51
70
45
54
57
57
49
49
49
66
49
44
70
47
57
54
54
53
52
59
59
54
55
53
54
51
70
38
52
54
56
53
55
51
54
62
48
58
61
45
62
44
56
61
52
52
51
60
54
59
55
55
52
49
60
57
56
47
65
49
52
45
64
58
51
54
58
42
61
57
54
66
45
56
57
56
56
44
60
53
66
40
67
54
56
52
54
60
60
46
54
55
59
58
48
54
47
59
54
61
60
57
58
46
58
52
62
64
54
43
59
55
70
50
59
64
54
58
57
55
66
46
64
67
44
65
63
60
55
60
61
55
53
50
54
62
65
45
59
58
55
59
57
59
52
60
54
56
62
61
55
50
63
64
57
53
55
57
52
59
52
57
53
61
65
53
54
46
71
56
49
42
61
58
56
53
58
45
62
62
58
58
50
54
59
58
56
60
53
52
59
55
51
62
60
55
59
56
46
63
63
55
56
52
52
74
49
37
64
62
48
62
69
61
51
58
58
61
52
52
57
59
59
60
55
60
51
53
57
50
58
43
60
55
41
68
49
54
51
55
54
45
59
37
75
49
40
52
56
57
44
61
47
59
51
54
42
69
44
41
52
49
57
47
53
55
51
57
46
48
55
51
49
55
51
48
55
54
51
40
64
48
51
52
47
62
54
56
48
50
49
42
50
64
57
44
49
55
56
50
59
47
47
64
41
54
60
44
57
61
50
49
69
35
57
67
53
61
56
46
58
52
52
47
51
63
60
52
47
62
47
59
55
48
56
57
49
52
59
52
57
51
51
53
69
50
49
57
70
49
52
55
48
61
59
50
53
52
54
63
54
51
63
50
57
60
49
62
45
52
68
52
50
45
62
53
54
55
49
46
60
61
60
57
45
59
46
54
60
48
60
47
59
50
46
60
57
44
59
61
52
45
52
50
55
47
61
51
47
56
54
57
50
53
52
60
55
47
50
50
53
56
47
50
54
62
48
57
55
46
61
49
62
56
50
47
61
53
45
53
61
53
51
56
55
52
46
69
54
60
46
45
69
49
62
57
45
57
54
54
59
59
59
65
46
52
73
54
55
57
65
46
45
78
51
62
55
60
54
54
64
53
64
59
58
60
58
59
58
56
55
59
51
51
62
54
54
61
53
61
55
60
45
64
55
72
50
65
55
64
66
51
67
55
50
62
63
65
68
69
56
53
58
66
57
59
51
56
65
66
66
51
57
59
64
60
61
64
53
54
66
56
73
52
67
55
61
58
63
62
58
60
63
58
60
66
64
69
48
47
59
74
61
63
53
63
67
55
59
63
61
64
55
62
57
61
50
63
59
64
48
52
60
58
58
57
46
61
54
58
61
60
48
59
52
49
58
67
40
57
66
52
58
56
52
53
57
51
57
57
61
50
45
60
46
57
62
59
55
51
59
56
54
53
52
62
53
58
53
58
61
51
52
61
48
54
63
46
67
53
53
52
58
53
47
57
46
51
51
58
69
53
46
45
54
49
47
57
41
62
53
60
43
57
50
50
58
49
48
54
53
56
53
55
59
45
45
47
61
47
48
58
47
45
52
48
54
58
47
53
51
50
46
49
53
46
51
54
55
43
44
47
44
50
56
49
48
49
49
46
54
55
47
44
47
48
56
56
50
32
48
53
53
54
39
53
55
49
49
53
46
53
56
40
53
55
41
59
39
58
44
48
50
43
52
51
38
49
44
48
47
51
44
54
42
46
56
48
42
58
49
53
55
50
51
46
42
48
44
49
47
41
55
55
45
36
50
46
40
53
51
46
51
42
42
56
42
53
40
45
51
42
40
55
53
44
50
50
43
49
52
45
52
48
55
50
48
51
54
45
58
55
40
47
62
52
49
57
50
49
50
52
42
69
40
53
50
55
52
41
60
52
40
59
48
45
43
56
51
51
54
41
64
43
50
51
51
47
64
37
51
52
49
55
46
53
47
58
43
56
58
37
44
56
60
48
50
48
57
38
62
42
53
42
45
50
41
51
42
44
48
42
56
46
47
44
38
33
45
43
46
40
37
39
42
43
41
25
39
47
46
37
35
39
43
34
25
36
46
32
39
22
28
37
36
31
24
27
29
24
26
31
13
25
21
32
27
27
23
18
19
27
13
26
19
18
16
17
13
16
16
18
13
10
16
13
8
8
7
5
9
9
14
10
4
8
5
2
8
0
7
3
1
1
3
1
1
6
5
4
2
1
1
0
1
0
1
1
1
0
0
1
