#################################### 
# Matrix Size= (30,0.275,70)
# Resol      = (1,1,2000)
# VoxelSize  = (30,0.275,0.035)
# nbVal      = 2000
#################################### 
2.883178201e-06
2.813163584e-06
2.147661094e-06
2.29477951e-06
2.565670696e-06
3.080983104e-06
2.442131058e-06
2.759028641e-06
2.81416664e-06
2.404984293e-06
2.767943287e-06
2.998917227e-06
2.558796765e-06
2.605713162e-06
2.823061168e-06
2.623013815e-06
2.347587185e-06
2.816750646e-06
2.430964911e-06
2.622833259e-06
2.927093203e-06
3.059070275e-06
2.601987104e-06
3.436372513e-06
2.20033259e-06
2.890414189e-06
2.607931686e-06
3.064189619e-06
2.746360941e-06
2.799678436e-06
2.553505553e-06
2.578366464e-06
2.751540687e-06
2.526906338e-06
3.042382218e-06
2.819421758e-06
2.596032233e-06
2.60168565e-06
4.707652576e-06
2.355938246e-06
3.121780468e-06
2.122064843e-06
3.261683145e-06
2.564455054e-06
2.905160994e-06
2.768059876e-06
2.880179198e-06
3.002820198e-06
2.564116149e-06
2.876920047e-06
3.106625614e-06
2.020767676e-06
3.491747242e-06
3.19283769e-06
1.917874995e-06
2.810485685e-06
3.629198819e-06
3.16789039e-06
2.878477893e-06
2.56175641e-06
3.220716112e-06
2.91344908e-06
2.362839146e-06
2.820168333e-06
2.94791811e-06
3.154101014e-06
2.358363513e-06
2.815491238e-06
2.48374935e-06
3.219882737e-06
3.22436944e-06
2.339537426e-06
2.598074569e-06
3.416764584e-06
2.416715041e-06
3.092654297e-06
2.990091594e-06
2.891733002e-06
2.795126282e-06
2.654307877e-06
2.899664768e-06
2.852048168e-06
2.48668141e-06
3.047267512e-06
3.166817939e-06
2.235094555e-06
3.114992408e-06
3.031764796e-06
3.006337158e-06
2.616889307e-06
2.777890246e-06
3.500932584e-06
2.675062051e-06
2.387297545e-06
2.738377336e-06
3.183067171e-06
2.444857177e-06
2.465265746e-06
2.351291018e-06
3.80529154e-06
2.886106736e-06
2.946144368e-06
2.576151219e-06
3.090701485e-06
2.897499342e-06
3.169963758e-06
3.19006571e-06
2.40866568e-06
3.253529748e-06
3.392984014e-06
2.640727434e-06
2.940345279e-06
3.12200352e-06
3.348024861e-06
2.503983148e-06
3.058189117e-06
2.816576899e-06
3.450636195e-06
2.504429159e-06
3.022690756e-06
2.861689777e-06
3.99321901e-06
2.476831729e-06
3.002860615e-06
3.00499189e-06
2.843562422e-06
3.577541739e-06
2.903989622e-06
3.031693004e-06
3.217270949e-06
2.635918192e-06
2.676433095e-06
2.948884718e-06
3.330348724e-06
3.198129919e-06
3.069637574e-06
2.295957517e-06
3.202608592e-06
3.213834756e-06
3.099227765e-06
2.601421021e-06
2.955170146e-06
3.796556823e-06
3.139040828e-06
2.925230186e-06
2.826986275e-06
2.75469753e-06
3.873122009e-06
3.033449403e-06
2.977900924e-06
3.208184368e-06
3.223725702e-06
2.806405812e-06
3.417998056e-06
2.805624986e-06
3.639348402e-06
3.463499263e-06
2.9992352e-06
3.474103047e-06
2.399763589e-06
3.268072027e-06
2.905988198e-06
3.144594862e-06
3.472380972e-06
2.513248802e-06
2.965932804e-06
2.822936434e-06
2.722396055e-06
3.672593815e-06
2.925409157e-06
2.526927346e-06
3.212300619e-06
2.689365351e-06
3.971997967e-06
2.472819619e-06
3.580022287e-06
2.654983951e-06
2.907446814e-06
2.974710637e-06
3.20331985e-06
3.289643122e-06
3.00631982e-06
3.241513756e-06
2.991994112e-06
3.473847983e-06
3.238803142e-06
3.138591863e-06
2.645162279e-06
3.095977432e-06
2.849634081e-06
2.936601114e-06
3.290651022e-06
2.895139385e-06
3.421281059e-06
3.191053829e-06
2.938519948e-06
2.86162776e-06
3.620184528e-06
2.691890882e-06
2.988646731e-06
2.824084832e-06
3.113362378e-06
3.425523244e-06
2.519434758e-06
2.819464659e-06
3.39598118e-06
3.03849788e-06
3.246083748e-06
3.236909292e-06
3.237280367e-06
2.943653623e-06
2.814029427e-06
3.440154389e-06
2.966701114e-06
4.043801997e-06
3.102855691e-06
3.090708528e-06
2.619662342e-06
3.258785715e-06
3.417603305e-06
3.766593313e-06
3.237571891e-06
2.39325237e-06
3.36034519e-06
3.531513942e-06
2.964382184e-06
3.356111398e-06
2.678353638e-06
4.098744354e-06
3.253734036e-06
3.093368394e-06
3.66016976e-06
4.27745967e-06
2.799821731e-06
2.252512127e-06
3.03936621e-06
3.327925712e-06
3.152662079e-06
2.822646505e-06
3.548600685e-06
3.164928114e-06
3.065921432e-06
3.00320279e-06
3.909208422e-06
3.008397146e-06
3.433872685e-06
2.482979669e-06
3.802317827e-06
3.63849126e-06
3.126411735e-06
3.290157562e-06
3.032314845e-06
3.524620737e-06
2.832885381e-06
3.511104504e-06
3.262439714e-06
3.146310429e-06
3.159037934e-06
3.024089386e-06
3.069314527e-06
3.528216958e-06
2.668955217e-06
3.056131452e-06
3.134926133e-06
2.449420931e-06
3.297021684e-06
3.132964819e-06
3.375033908e-06
3.016696383e-06
3.549503822e-06
2.579220695e-06
3.341309924e-06
3.073038706e-06
3.046809362e-06
3.580437445e-06
2.959085277e-06
3.100930815e-06
3.333356074e-06
2.643994089e-06
3.373340037e-06
2.845273261e-06
3.451320895e-06
3.751023452e-06
2.912109869e-06
3.067574048e-06
3.057928191e-06
3.470533865e-06
3.165939648e-06
3.245730074e-06
3.090591029e-06
2.716302427e-06
3.460829148e-06
3.382955112e-06
2.962491024e-06
3.365956814e-06
3.322043012e-06
3.341122502e-06
3.126419728e-06
2.906150937e-06
3.284318234e-06
3.521401066e-06
3.005001611e-06
3.362643322e-06
3.432356165e-06
2.93350464e-06
3.118592012e-06
2.96463009e-06
3.283363072e-06
3.584768445e-06
4.201532672e-06
3.290069001e-06
3.137268122e-06
2.88466196e-06
3.336070014e-06
3.081244952e-06
3.469430677e-06
3.403899426e-06
2.865948327e-06
3.228253139e-06
3.823279939e-06
2.639041709e-06
3.677738162e-06
3.321282669e-06
3.465134813e-06
3.219607581e-06
3.34384998e-06
3.623404013e-06
3.12223875e-06
3.49070055e-06
3.896447793e-06
2.408401301e-06
3.821506466e-06
3.591242678e-06
3.576199695e-06
3.214016563e-06
3.427985161e-06
2.654196756e-06
2.679159787e-06
3.735116924e-06
3.510892717e-06
2.482510461e-06
3.283863702e-06
3.436071681e-06
3.522973429e-06
3.291018755e-06
3.215205544e-06
3.414018472e-06
3.921267584e-06
5.661208934e-06
3.390009283e-06
3.044171643e-06
3.101966128e-06
3.658086861e-06
2.657146909e-06
3.051214151e-06
3.464610289e-06
3.03634157e-06
3.839336159e-06
3.108250149e-06
2.885320999e-06
3.171974908e-06
3.421508886e-06
3.126387724e-06
3.078401373e-06
3.548254337e-06
3.4808334e-06
2.82986101e-06
3.469906422e-06
3.068746344e-06
2.59118497e-06
3.728163642e-06
4.779238526e-06
3.43378879e-06
2.842163098e-06
3.124906825e-06
3.629512998e-06
2.845395133e-06
3.269661477e-06
3.032993703e-06
2.973829553e-06
3.498542698e-06
3.612177526e-06
2.803629705e-06
5.516696422e-06
3.299497575e-06
3.288395497e-06
2.825555926e-06
3.148578662e-06
3.660183702e-06
2.771668946e-06
3.042853684e-06
3.188368686e-06
2.839807754e-06
3.559635437e-06
3.534054339e-06
2.627170739e-06
2.885586958e-06
3.251890348e-06
2.88034166e-06
3.695853784e-06
2.855718342e-06
2.978024644e-06
3.551059941e-06
3.409968318e-06
2.873980575e-06
2.774968788e-06
4.156884239e-06
2.690646243e-06
3.566133422e-06
3.032374631e-06
4.225471023e-06
3.232583267e-06
3.538569351e-06
3.431723978e-06
3.118772566e-06
4.194242505e-06
2.693335326e-06
3.783855346e-06
2.75030756e-06
2.842209841e-06
2.970154377e-06
3.617102387e-06
3.296884203e-06
2.933908799e-06
3.648510041e-06
2.879643211e-06
3.398915634e-06
2.830989242e-06
2.895252421e-06
2.837571154e-06
2.959401823e-06
3.538761836e-06
3.469113713e-06
3.136024496e-06
2.684111018e-06
2.898674231e-06
3.194302154e-06
2.610344571e-06
3.869731328e-06
2.53549294e-06
3.090559141e-06
3.081868561e-06
2.364081819e-06
3.278812351e-06
2.779678684e-06
3.274161084e-06
3.170011304e-06
2.617823054e-06
3.144423645e-06
2.286778197e-06
3.552421948e-06
3.734152061e-06
2.625500584e-06
2.729590691e-06
2.674709657e-06
2.72678574e-06
3.768759906e-06
2.478695505e-06
3.767416729e-06
3.184562255e-06
2.816310939e-06
3.38251483e-06
2.627173429e-06
2.640444859e-06
3.549793292e-06
3.448402244e-06
3.154250353e-06
2.71642828e-06
3.066724488e-06
3.043011297e-06
2.879271595e-06
1.969226074e-06
2.830938209e-06
3.590638879e-06
3.40042638e-06
2.882768481e-06
2.55500216e-06
2.356916134e-06
2.984333917e-06
3.385418186e-06
2.997782279e-06
3.055333239e-06
4.399573201e-06
2.392427246e-06
3.136922129e-06
2.419137736e-06
2.903687461e-06
3.289419467e-06
2.750013642e-06
2.79415859e-06
3.09388505e-06
3.02729473e-06
3.029659061e-06
2.776267401e-06
2.732216079e-06
2.942004424e-06
2.920427261e-06
3.161069379e-06
2.981247352e-06
2.687828749e-06
2.093190245e-06
3.003426377e-06
2.987191657e-06
2.80285223e-06
2.613674669e-06
3.267527128e-06
3.505006718e-06
2.658157578e-06
2.685120734e-06
3.017299041e-06
2.768625968e-06
3.193382e-06
2.853522734e-06
2.913579264e-06
2.820824086e-06
2.727875011e-06
3.87898141e-06
2.72975517e-06
2.91992334e-06
3.133512337e-06
3.412673966e-06
2.675885627e-06
2.667258407e-06
3.50263804e-06
2.403941393e-06
2.982283355e-06
2.848424993e-06
2.724011337e-06
3.690398931e-06
2.975459271e-06
2.58843251e-06
3.757805107e-06
2.561423766e-06
3.307176337e-06
3.20313329e-06
3.011532507e-06
3.303264809e-06
3.199489733e-06
2.846180459e-06
3.108505141e-06
3.36847125e-06
3.118926265e-06
2.742076706e-06
2.957348192e-06
3.312629613e-06
2.810957312e-06
3.10721622e-06
2.939592138e-06
3.153684399e-06
3.155473244e-06
3.723778132e-06
3.118134439e-06
3.146198036e-06
2.939997254e-06
3.438933613e-06
3.074094633e-06
3.066334823e-06
3.655321385e-06
2.916076802e-06
2.325832875e-06
2.948642138e-06
2.82450429e-06
3.799557402e-06
2.078601715e-06
3.197944026e-06
2.420329863e-06
2.733620591e-06
3.483350864e-06
3.196391571e-06
2.753479621e-06
3.538730127e-06
3.093831586e-06
2.368604593e-06
3.118052514e-06
3.828273989e-06
2.694507996e-06
3.416391219e-06
2.744531848e-06
3.113074137e-06
2.618377994e-06
2.58551863e-06
2.848864674e-06
3.527857665e-06
2.475268543e-06
3.119272961e-06
3.986163692e-06
2.336299963e-06
2.321378291e-06
3.331981698e-06
2.818006378e-06
2.681366312e-06
3.298252582e-06
3.311533725e-06
2.694189167e-06
3.486293306e-06
3.020084441e-06
2.344684688e-06
3.384875711e-06
3.487914071e-06
3.435947513e-06
3.116307443e-06
2.799654605e-06
2.776532396e-06
3.698108866e-06
2.91838199e-06
3.124376528e-06
2.888073416e-06
3.64619455e-06
2.926559528e-06
2.924337299e-06
3.071987122e-06
2.21650726e-06
2.601065533e-06
3.124508889e-06
2.176021642e-06
4.133183874e-06
3.248471634e-06
2.477453286e-06
2.285059845e-06
2.897871943e-06
2.801108343e-06
2.998383618e-06
3.076838367e-06
2.874051099e-06
3.139245378e-06
2.476486577e-06
3.014640639e-06
2.776520178e-06
2.42178218e-06
2.594721674e-06
2.509596471e-06
2.710049289e-06
3.302979917e-06
2.523908379e-06
2.397664026e-06
2.861173046e-06
2.606245537e-06
2.522302632e-06
2.694773364e-06
2.336142344e-06
2.54820382e-06
3.455293514e-06
2.543611883e-06
3.07342204e-06
3.205485999e-06
2.662652507e-06
3.130602102e-06
3.220950023e-06
2.395769803e-06
2.710234003e-06
2.942761419e-06
3.061390667e-06
3.050854859e-06
2.957221963e-06
2.470437367e-06
3.570206008e-06
2.855179339e-06
2.435578868e-06
2.547546133e-06
3.938301699e-06
2.960139156e-06
2.711728605e-06
2.030906027e-06
3.359783341e-06
2.649734361e-06
3.270619064e-06
3.179566076e-06
3.315444622e-06
2.148582534e-06
2.695211642e-06
3.063456801e-06
2.984571563e-06
2.936568418e-06
2.919265536e-06
3.484205886e-06
2.724914475e-06
3.234532199e-06
2.778707477e-06
2.627890405e-06
2.490881504e-06
2.87233452e-06
3.699057006e-06
2.375553114e-06
2.604474185e-06
2.554970791e-06
3.169551177e-06
2.948815099e-06
2.938275849e-06
2.787146028e-06
3.045600776e-06
3.179843778e-06
2.783317254e-06
2.68828825e-06
2.8091041e-06
2.855443591e-06
2.638759907e-06
3.424631158e-06
2.475889049e-06
2.959309981e-06
2.947409809e-06
2.681347546e-06
3.13281927e-06
2.812237666e-06
2.360924569e-06
2.855219567e-06
3.102565673e-06
3.193504689e-06
2.89006455e-06
3.091639037e-06
2.540521995e-06
2.964028573e-06
3.595003838e-06
2.675430378e-06
2.832715751e-06
3.168320697e-06
3.911699109e-06
2.883599257e-06
3.081192786e-06
2.94357044e-06
3.180587621e-06
3.429945569e-06
2.489735685e-06
3.09291492e-06
3.063222974e-06
3.461356744e-06
3.194308041e-06
3.177566258e-06
3.072744907e-06
2.303386308e-06
3.216836122e-06
3.087051305e-06
3.332361837e-06
2.792852778e-06
2.809221783e-06
3.901041503e-06
2.510915038e-06
2.344846622e-06
3.800357649e-06
3.078877025e-06
3.163296778e-06
3.386955925e-06
2.655538651e-06
3.353788211e-06
3.62806926e-06
2.65750054e-06
2.482212872e-06
3.031432165e-06
3.115165392e-06
3.026016648e-06
3.400785572e-06
2.815165688e-06
3.571153625e-06
2.584619935e-06
2.723450404e-06
3.056196638e-06
3.188560711e-06
2.937994152e-06
2.863183966e-06
3.596995481e-06
3.484839563e-06
2.956149817e-06
4.500974806e-06
3.496128253e-06
2.966457751e-06
3.41233128e-06
3.373106243e-06
2.863020649e-06
3.648820952e-06
2.754007095e-06
2.921337052e-06
3.574885738e-06
3.403568453e-06
3.338013636e-06
3.737203173e-06
2.642597403e-06
3.55841668e-06
2.742589811e-06
3.755139352e-06
3.782660481e-06
2.78768115e-06
2.892006983e-06
3.536472424e-06
3.289274989e-06
3.399036229e-06
2.886988269e-06
3.455128607e-06
3.452138155e-06
3.083011922e-06
2.702925849e-06
3.336160594e-06
3.803305569e-06
3.455627289e-06
2.576110062e-06
3.696823338e-06
4.228138817e-06
2.959362105e-06
3.220716574e-06
2.926410086e-06
2.798109212e-06
4.066010671e-06
3.352579849e-06
2.607967702e-06
4.029083262e-06
3.385930429e-06
3.541241112e-06
2.437430148e-06
3.921109594e-06
3.480180235e-06
2.918980548e-06
3.110970097e-06
3.236624824e-06
3.923990755e-06
2.531932182e-06
3.836954987e-06
2.532943934e-06
3.351242182e-06
3.221685094e-06
3.078124554e-06
3.382649541e-06
3.312274763e-06
2.952869728e-06
3.275149213e-06
3.87496798e-06
3.200701179e-06
3.485394753e-06
3.595575703e-06
3.177899159e-06
3.156639451e-06
3.932640148e-06
3.070193203e-06
3.795916006e-06
3.390057044e-06
4.032263822e-06
3.43154927e-06
3.501715886e-06
3.505991659e-06
3.913936268e-06
4.410907924e-06
3.156457707e-06
4.209268653e-06
3.308058335e-06
4.118727703e-06
3.567863393e-06
3.46029969e-06
3.31645514e-06
4.020155394e-06
3.972211309e-06
3.029224674e-06
5.243356247e-06
4.187046996e-06
3.301198937e-06
4.201125865e-06
3.759021653e-06
3.943945744e-06
4.626911045e-06
3.339369999e-06
3.169260809e-06
3.570030227e-06
4.103941881e-06
2.853900389e-06
4.48574415e-06
3.510779859e-06
3.816632129e-06
3.478348051e-06
3.830540955e-06
3.643867029e-06
3.436311771e-06
3.139217814e-06
3.890378011e-06
3.648692598e-06
3.736314519e-06
3.860621349e-06
3.085136794e-06
3.221959059e-06
4.135474719e-06
3.190894733e-06
3.25749398e-06
4.461683968e-06
3.272574208e-06
3.933429488e-06
3.438063062e-06
3.141750315e-06
3.556695585e-06
3.544944125e-06
3.486213373e-06
4.300294852e-06
4.164672311e-06
3.313289022e-06
4.0236235e-06
2.74801085e-06
3.280938564e-06
4.157629384e-06
3.055690162e-06
4.807914825e-06
3.344415004e-06
4.317636846e-06
3.07643894e-06
4.221899615e-06
3.520531341e-06
3.505036011e-06
4.907896915e-06
3.599829584e-06
3.668215491e-06
4.026811592e-06
3.231482446e-06
3.005440864e-06
4.431538919e-06
3.424249538e-06
2.749243358e-06
3.146740301e-06
3.951994025e-06
3.299591819e-06
4.111310821e-06
3.021896173e-06
3.356113477e-06
3.477715825e-06
3.617089672e-06
3.824094952e-06
2.638380979e-06
4.310861211e-06
3.628603743e-06
3.507731126e-06
3.172871725e-06
3.152383505e-06
3.767815606e-06
2.740379514e-06
3.750614807e-06
3.997558381e-06
3.12700159e-06
3.328411207e-06
5.193238806e-06
7.647559364e-06
3.346446773e-06
3.351694804e-06
4.0529726e-06
3.0368552e-06
3.703441632e-06
3.261842511e-06
3.411086797e-06
3.437500068e-06
3.429670632e-06
3.730169675e-06
3.288189797e-06
3.166978044e-06
3.897585958e-06
2.613138083e-06
3.90734427e-06
3.141040392e-06
3.62190584e-06
3.372031491e-06
3.358734931e-06
3.144419891e-06
2.805641419e-06
3.57502384e-06
3.632226789e-06
3.529816896e-06
3.042322707e-06
2.944899635e-06
3.617781667e-06
3.535168865e-06
3.02188215e-06
3.282288306e-06
3.301527684e-06
3.591243464e-06
3.186782211e-06
3.208487993e-06
3.656277689e-06
3.382351302e-06
3.620469093e-06
3.832011936e-06
3.612354785e-06
3.341262468e-06
3.028614628e-06
4.601192847e-06
2.957168987e-06
3.713019775e-06
3.446584948e-06
3.721592011e-06
3.345743218e-06
3.466643548e-06
2.907933181e-06
3.356532912e-06
4.057026199e-06
3.55580828e-06
2.417874336e-06
4.629203528e-06
3.431246502e-06
3.336344654e-06
2.987705016e-06
3.225935951e-06
3.735080602e-06
4.046122512e-06
2.820068361e-06
4.223827474e-06
2.975069765e-06
3.335264908e-06
3.262566813e-06
3.213316391e-06
3.401375969e-06
3.187319188e-06
3.104844076e-06
3.733538297e-06
3.383968173e-06
2.824013803e-06
3.963093738e-06
3.846793714e-06
3.106962511e-06
2.915800315e-06
3.511832565e-06
3.826565216e-06
2.979141128e-06
4.158207076e-06
2.815928325e-06
3.198870721e-06
3.357379021e-06
2.718642195e-06
3.653491207e-06
3.388462942e-06
2.955504825e-06
4.504445423e-06
3.774992444e-06
3.31504287e-06
4.011712034e-06
4.590215408e-06
2.851256756e-06
2.876581371e-06
2.939399801e-06
4.112605053e-06
2.995798735e-06
2.786218888e-06
4.346285267e-06
2.584327895e-06
3.568479739e-06
3.028656631e-06
3.246775968e-06
3.342156916e-06
2.960598851e-06
3.44260717e-06
3.515279476e-06
3.316339695e-06
3.214626644e-06
3.246814092e-06
3.293382104e-06
3.33643621e-06
4.15887252e-06
2.276202541e-06
3.411260533e-06
3.174163551e-06
3.515232335e-06
3.103397648e-06
3.355912002e-06
3.102989483e-06
3.278534085e-06
3.556603269e-06
2.986996034e-06
3.349640671e-06
3.784013072e-06
2.666298628e-06
3.82243417e-06
2.560460196e-06
3.443402748e-06
3.723775569e-06
3.042851559e-06
3.035222818e-06
3.356284149e-06
3.493217926e-06
3.178465606e-06
3.565103598e-06
3.498460748e-06
3.236992911e-06
3.097989871e-06
3.233442109e-06
3.732486136e-06
3.591453352e-06
3.291088645e-06
3.098538182e-06
3.976290186e-06
3.143160881e-06
3.247224536e-06
2.577141207e-06
3.783670746e-06
3.440724434e-06
3.080645909e-06
3.42186142e-06
3.452230073e-06
2.496220947e-06
3.599717725e-06
3.562335673e-06
3.470002765e-06
4.140991901e-06
2.706457462e-06
3.485136323e-06
3.713602202e-06
3.957180978e-06
3.895764367e-06
3.660534714e-06
3.560390069e-06
3.40156984e-06
4.151497306e-06
2.538318813e-06
4.164851722e-06
3.220288024e-06
3.410140792e-06
3.031899223e-06
3.27079078e-06
3.696150218e-06
3.660854406e-06
2.992887719e-06
3.359068325e-06
3.336296572e-06
3.742990296e-06
3.638493278e-06
3.145340601e-06
3.269732473e-06
3.010690974e-06
3.677488255e-06
3.376401807e-06
3.762868644e-06
3.837116264e-06
3.461730283e-06
3.739204134e-06
2.594694791e-06
3.469041507e-06
3.230681459e-06
3.956655449e-06
3.92453345e-06
3.350790921e-06
2.719950286e-06
3.598162953e-06
3.761983884e-06
4.476701462e-06
3.014964755e-06
3.786720524e-06
4.138513786e-06
3.422968703e-06
3.730888276e-06
3.474381946e-06
3.881941972e-06
4.047267799e-06
4.143716901e-06
3.918007602e-06
4.599936618e-06
2.78935419e-06
4.270115881e-06
4.525459379e-06
4.46513762e-06
3.627228887e-06
4.058887564e-06
3.70042847e-06
4.010737321e-06
3.311781217e-06
3.108943125e-06
3.642411807e-06
3.886523159e-06
4.231342041e-06
2.772481895e-06
3.802830212e-06
3.665680089e-06
3.700319981e-06
4.064528103e-06
3.515687994e-06
3.708958185e-06
3.443489629e-06
3.738889035e-06
3.52341942e-06
3.48246427e-06
3.865450248e-06
3.901670511e-06
3.445612747e-06
3.114348995e-06
3.873254262e-06
3.821841289e-06
3.512900615e-06
3.469227401e-06
3.220797538e-06
3.480837768e-06
3.322989731e-06
3.910922099e-06
3.388613955e-06
3.603017031e-06
3.290603357e-06
4.006741731e-06
4.011063344e-06
3.439885355e-06
3.408131728e-06
3.098241532e-06
4.614864622e-06
3.489329832e-06
3.18592722e-06
2.793314706e-06
3.773036502e-06
3.882987489e-06
3.754909932e-06
3.591517866e-06
3.590313619e-06
3.084295144e-06
3.919773249e-06
3.904542621e-06
3.829423376e-06
3.842498493e-06
3.131329874e-06
3.954215207e-06
3.921805065e-06
3.833618071e-06
3.765187827e-06
6.812475121e-06
3.457177436e-06
3.336176096e-06
3.894426586e-06
3.637579423e-06
3.289819711e-06
4.268422088e-06
3.648887107e-06
3.43607892e-06
4.019655864e-06
3.644452308e-06
3.057250286e-06
4.063211951e-06
4.019055526e-06
3.530532824e-06
3.640125998e-06
3.476631095e-06
3.479695516e-06
4.967942968e-06
3.356540031e-06
2.540562262e-06
4.535667254e-06
4.162003019e-06
3.538380853e-06
4.010657474e-06
4.565894194e-06
4.140564534e-06
3.581244906e-06
4.260708033e-06
3.699906921e-06
4.335731333e-06
3.497381882e-06
3.668911345e-06
3.796542256e-06
4.329950961e-06
4.172089979e-06
3.994204329e-06
4.256194139e-06
4.544252738e-06
3.485370605e-06
3.60837719e-06
3.672415347e-06
3.15300312e-06
3.845415129e-06
2.681561067e-06
4.343003604e-06
3.819161894e-06
2.644898141e-06
4.461862608e-06
3.427032482e-06
3.767855902e-06
3.358100874e-06
4.571577748e-06
3.702350319e-06
2.996378677e-06
3.764918115e-06
2.514075596e-06
5.004971453e-06
3.069158165e-06
2.64059865e-06
3.686210326e-06
3.947491527e-06
3.955748492e-06
3.003048907e-06
4.057551488e-06
3.072181266e-06
3.964054793e-06
3.701799973e-06
3.437526989e-06
2.690111495e-06
4.7914057e-06
3.127617556e-06
2.8005099e-06
3.509409523e-06
3.443598502e-06
3.922865398e-06
3.145487996e-06
3.506998548e-06
3.524063342e-06
3.454897338e-06
4.009433477e-06
3.2128992e-06
3.24470277e-06
3.884093431e-06
3.379883262e-06
3.59900693e-06
3.908687952e-06
3.537479345e-06
3.230311221e-06
3.936730923e-06
3.692375975e-06
3.465181327e-06
2.875938776e-06
4.413835189e-06
3.016120665e-06
3.543744918e-06
3.672712388e-06
3.255330559e-06
4.415594696e-06
3.650220843e-06
3.929096617e-06
3.205423249e-06
3.396293546e-06
3.324084541e-06
2.722137536e-06
3.446051939e-06
4.449961436e-06
4.322480554e-06
3.054363891e-06
3.558907433e-06
3.742960072e-06
3.747074001e-06
3.333967418e-06
4.332312023e-06
3.065436197e-06
3.304067345e-06
4.428982817e-06
2.777895807e-06
3.855541896e-06
4.225501174e-06
3.115781523e-06
3.743974127e-06
4.340520678e-06
4.705891852e-06
3.532364543e-06
4.802476989e-06
2.480732102e-06
4.011382445e-06
4.51683087e-06
3.839503171e-06
4.582924416e-06
4.118583539e-06
3.173112768e-06
3.894312573e-06
3.893395362e-06
3.735792656e-06
3.601346243e-06
3.617163961e-06
4.392149073e-06
4.196652714e-06
3.684425229e-06
3.467975733e-06
4.417786468e-06
3.491358339e-06
4.290412187e-06
3.764754254e-06
3.346242665e-06
4.09649977e-06
3.980697705e-06
3.562013786e-06
3.806526556e-06
4.157991568e-06
3.870106158e-06
4.226236153e-06
3.642756236e-06
3.838502096e-06
3.912067373e-06
5.205420135e-06
3.506018035e-06
3.631148426e-06
4.175197197e-06
5.001786143e-06
3.594368404e-06
3.835460017e-06
4.264908757e-06
3.360098579e-06
4.218376338e-06
4.171432891e-06
3.552334627e-06
4.05634922e-06
3.65624926e-06
3.985989525e-06
4.440667785e-06
4.041873385e-06
3.862944361e-06
4.440234648e-06
3.695127043e-06
3.991676866e-06
4.245405737e-06
3.689229833e-06
4.503350142e-06
3.228399935e-06
3.700099038e-06
4.804767141e-06
3.791568628e-06
4.044781748e-06
4.023034397e-06
4.674136783e-06
3.700880515e-06
3.829027535e-06
4.098968008e-06
3.54065699e-06
3.42745308e-06
4.26113798e-06
4.466414312e-06
4.714618877e-06
4.229679575e-06
3.292556629e-06
4.314474969e-06
3.562240125e-06
4.094052641e-06
4.45872637e-06
3.638301811e-06
4.431741931e-06
3.631829438e-06
4.222536418e-06
3.592735921e-06
3.507762008e-06
4.436566446e-06
4.147342956e-06
3.124377415e-06
4.44416495e-06
4.633403245e-06
3.94429452e-06
3.270720426e-06
3.723798298e-06
3.85500522e-06
4.136033215e-06
3.731521543e-06
4.691628044e-06
3.767607868e-06
3.593381186e-06
4.188122861e-06
4.091166808e-06
4.200962123e-06
3.874510197e-06
4.178364102e-06
3.854091983e-06
4.612040722e-06
4.091428479e-06
3.556397447e-06
3.711019976e-06
3.813098295e-06
3.944394289e-06
4.146077797e-06
3.536136568e-06
3.657309224e-06
4.314380703e-06
4.680535776e-06
3.499428845e-06
4.582990682e-06
4.283468417e-06
3.694659933e-06
4.641238174e-06
3.798923491e-06
4.819364857e-06
4.371565365e-06
3.771406585e-06
3.663000637e-06
4.70379892e-06
4.010454803e-06
3.509343734e-06
3.998173916e-06
4.845115147e-06
4.280325696e-06
4.029059797e-06
4.305118311e-06
4.431825707e-06
4.019281499e-06
3.479594116e-06
5.217478452e-06
4.317635686e-06
4.686743791e-06
3.576184607e-06
3.576547485e-06
5.512428792e-06
3.807634491e-06
4.853556794e-06
4.507837239e-06
3.484856122e-06
4.401091911e-06
4.222349769e-06
4.084561264e-06
4.905321482e-06
4.68406645e-06
4.432041789e-06
5.20292783e-06
3.82799286e-06
4.259940825e-06
5.708412494e-06
4.406888907e-06
4.465315859e-06
4.714991933e-06
5.017509042e-06
3.852423652e-06
3.576083274e-06
6.521077375e-06
3.944249805e-06
5.098860411e-06
4.358199884e-06
4.624675354e-06
4.31983092e-06
4.595830127e-06
5.084749371e-06
4.409108625e-06
5.311259186e-06
5.084433021e-06
4.41379328e-06
5.065523203e-06
4.609297331e-06
4.998482959e-06
5.002265968e-06
4.596937009e-06
4.331292446e-06
4.812649793e-06
4.102317659e-06
4.26177222e-06
5.061008482e-06
4.293583937e-06
4.37280544e-06
5.133011491e-06
4.672399299e-06
4.89451278e-06
4.768248519e-06
4.991408564e-06
3.629409918e-06
5.215164152e-06
5.297170183e-06
6.351034206e-06
4.127314719e-06
5.992106141e-06
5.403159767e-06
5.265272107e-06
5.842501329e-06
4.238094613e-06
5.758253267e-06
4.376429678e-06
4.353641562e-06
5.25974593e-06
5.427040843e-06
1.079040777e-05
8.360201147e-06
5.652397095e-06
4.797923913e-06
4.476844606e-06
4.925787548e-06
5.494579396e-06
4.801444398e-06
4.992635197e-06
4.023558081e-06
5.154922535e-06
5.664984213e-06
5.855757476e-06
5.661603443e-06
4.29369175e-06
4.948402019e-06
4.821652567e-06
5.473986028e-06
5.335868886e-06
5.427423826e-06
5.481262626e-06
4.721017023e-06
4.722546969e-06
5.832356383e-06
4.59379005e-06
6.35856067e-06
4.51141236e-06
5.672018996e-06
4.917409134e-06
5.513451042e-06
5.121387595e-06
5.427068952e-06
5.335268351e-06
4.856521988e-06
5.839095919e-06
6.296743899e-06
5.096352394e-06
5.270908292e-06
6.18687872e-06
5.402936742e-06
6.089746353e-06
4.220532743e-06
4.189637779e-06
5.217327455e-06
6.576118007e-06
5.29262175e-06
5.780983468e-06
4.750649846e-06
5.62188157e-06
6.008524675e-06
4.83331281e-06
5.223681987e-06
5.439558864e-06
5.359084184e-06
5.711355362e-06
4.642092698e-06
5.549370156e-06
5.138939905e-06
5.413828367e-06
4.53671985e-06
5.75052434e-06
5.242025335e-06
5.564473722e-06
4.189421565e-06
4.945552841e-06
5.581296306e-06
5.171609699e-06
5.243050216e-06
5.187053528e-06
4.182617362e-06
5.498503172e-06
5.619167101e-06
6.011098864e-06
5.629032032e-06
6.042450586e-06
4.26724286e-06
5.889823014e-06
4.878158919e-06
4.451382197e-06
5.399079367e-06
6.285536452e-06
3.61403747e-06
5.208652964e-06
6.146941696e-06
4.788156949e-06
5.498001076e-06
5.132621212e-06
4.972070454e-06
5.099433598e-06
5.340787314e-06
5.120418983e-06
5.419002146e-06
5.264436257e-06
5.752237041e-06
4.781586544e-06
4.247815663e-06
5.510415621e-06
4.347845928e-06
5.381615573e-06
6.006511426e-06
5.75609114e-06
5.159327973e-06
4.741268523e-06
5.723992883e-06
5.48606642e-06
5.341738828e-06
4.939573277e-06
5.054923465e-06
6.103706397e-06
5.322817952e-06
5.54503582e-06
5.268687498e-06
5.600975164e-06
5.871186365e-06
4.94026264e-06
5.150480091e-06
5.938272235e-06
4.523708679e-06
5.270653766e-06
6.168748726e-06
4.376227256e-06
6.651258263e-06
5.07280272e-06
5.19288205e-06
5.093261965e-06
5.878167803e-06
5.1192806e-06
4.984595774e-06
5.56336176e-06
4.646512289e-06
5.214876048e-06
5.134640712e-06
5.994756337e-06
6.89863175e-06
5.530580987e-06
4.576747404e-06
4.647572811e-06
5.705043466e-06
5.269994946e-06
4.57901673e-06
5.868430485e-06
4.199939669e-06
6.280361955e-06
5.598154334e-06
6.208615718e-06
4.609506521e-06
6.084885974e-06
4.951958339e-06
5.121333701e-06
6.083306707e-06
5.086994488e-06
4.87931835e-06
6.12683263e-06
5.481284764e-06
5.763311818e-06
5.421061009e-06
6.165446545e-06
6.201723011e-06
5.2008251e-06
4.776617942e-06
4.752965222e-06
6.410099707e-06
4.959816706e-06
5.014194837e-06
6.182190676e-06
4.944284634e-06
4.6712794e-06
5.729685099e-06
5.334203654e-06
5.697922191e-06
6.21129439e-06
5.035775604e-06
5.86654884e-06
5.879217815e-06
5.265984285e-06
5.121455929e-06
5.115100302e-06
5.72168056e-06
5.149198743e-06
5.743847684e-06
5.970754135e-06
5.996749121e-06
4.767964563e-06
4.646537631e-06
5.062658559e-06
4.870677163e-06
5.434003776e-06
6.203850374e-06
5.590973741e-06
5.342178123e-06
5.435567524e-06
5.396113945e-06
5.266818581e-06
5.904085154e-06
6.130369084e-06
5.192953898e-06
5.111247109e-06
5.323517073e-06
5.506952995e-06
6.046844792e-06
6.442890931e-06
5.632362095e-06
3.474157354e-06
5.476658088e-06
6.165721632e-06
6.248122017e-06
6.186228278e-06
4.424167907e-06
6.162166286e-06
6.365127007e-06
5.602981964e-06
5.617609473e-06
6.126989723e-06
5.733749423e-06
7.618487415e-06
1.04618628e-05
5.331711354e-06
7.260594946e-06
6.546346055e-06
4.94984735e-06
7.131876352e-06
4.586767537e-06
7.174063727e-06
5.196938179e-06
5.613273032e-06
6.005000685e-06
5.200238276e-06
6.339305019e-06
6.214296049e-06
4.72363253e-06
6.090041266e-06
5.555596885e-06
5.894494564e-06
5.961230424e-06
6.22086589e-06
5.556994866e-06
6.91752246e-06
5.660539028e-06
5.612123357e-06
7.20058555e-06
6.023984921e-06
5.273180196e-06
7.202737832e-06
5.912569737e-06
6.624589721e-06
7.111567565e-06
6.181846233e-06
6.626993807e-06
5.963433065e-06
5.646141771e-06
6.076466465e-06
5.726942926e-06
6.35287051e-06
6.016102741e-06
5.216418389e-06
7.251328734e-06
6.997469934e-06
5.959059842e-06
4.618514055e-06
6.672903842e-06
5.992476163e-06
5.255977594e-06
7.094786523e-06
6.73258322e-06
6.29088369e-06
6.700304947e-06
5.849197673e-06
5.789240553e-06
7.857717024e-06
5.616317088e-06
7.476712178e-06
5.617196826e-06
6.05997656e-06
7.50983996e-06
5.914648101e-06
5.528193498e-06
8.118921739e-06
7.300868777e-06
6.282523153e-06
7.323052853e-06
7.217462689e-06
6.301592516e-06
7.035147619e-06
7.363655679e-06
6.7660353e-06
7.667862322e-06
6.859276259e-06
8.369736366e-06
8.025565818e-06
7.511204629e-06
7.616108139e-06
8.175631538e-06
7.006859981e-06
8.576478175e-06
8.460066667e-06
5.719505061e-06
7.521862296e-06
9.962496358e-06
7.875517562e-06
7.503448593e-06
8.10595452e-06
8.42171259e-06
7.948316417e-06
7.989427809e-06
8.728008078e-06
6.981041366e-06
1.111804436e-05
6.35702077e-06
8.513435147e-06
8.313862697e-06
8.892517254e-06
8.39019356e-06
6.89527181e-06
9.910816443e-06
8.706175364e-06
6.874800289e-06
1.001642839e-05
8.305269625e-06
7.899784725e-06
7.355847906e-06
1.09803776e-05
9.035064869e-06
8.204503811e-06
1.017772649e-05
7.612940795e-06
1.225016035e-05
8.340984043e-06
9.406126115e-06
8.951444277e-06
9.439591977e-06
9.425991212e-06
1.18198634e-05
7.34238094e-06
1.032792049e-05
1.003176679e-05
1.055935443e-05
1.049130933e-05
9.784528072e-06
1.063065361e-05
9.022221272e-06
1.296659144e-05
1.016685966e-05
1.071600176e-05
1.241494536e-05
7.45487589e-06
1.015244516e-05
1.269701195e-05
1.364689432e-05
1.039984007e-05
1.133793991e-05
1.256577515e-05
1.280808959e-05
1.063621793e-05
1.554927698e-05
1.198116406e-05
1.481369615e-05
1.042204222e-05
1.039508579e-05
1.410852351e-05
1.082376077e-05
1.216031903e-05
1.19329428e-05
1.244385671e-05
1.310728569e-05
1.158725522e-05
1.606305255e-05
1.260776133e-05
1.520996958e-05
1.251924073e-05
1.128279886e-05
8.795953446e-06
1.369085968e-05
1.372600513e-05
1.345399554e-05
1.203060486e-05
1.227375741e-05
1.314636691e-05
1.237588083e-05
1.41985752e-05
1.124974869e-05
7.488272865e-06
1.246165661e-05
1.66576305e-05
1.344751766e-05
1.330345815e-05
1.073585221e-05
1.254385829e-05
1.28238898e-05
1.074017607e-05
1.056192799e-05
1.243701451e-05
1.962320164e-05
9.630398276e-06
1.249173179e-05
7.464104143e-06
1.10723732e-05
1.362798396e-05
1.360405795e-05
1.058629803e-05
8.704606078e-06
1.022681982e-05
1.026834065e-05
1.098711871e-05
8.573776978e-06
1.036655663e-05
5.620425372e-06
1.009842607e-05
8.898232081e-06
1.288116516e-05
9.132765891e-06
1.138932156e-05
1.042157462e-05
8.461128816e-06
7.127674417e-06
1.087722809e-05
6.02501318e-06
1.001163342e-05
7.713271362e-06
8.586526402e-06
7.635175161e-06
8.999253764e-06
6.063293451e-06
8.486295389e-06
6.965887119e-06
1.004841324e-05
7.881515602e-06
4.943552501e-06
3.635761748e-06
5.409985319e-06
3.803019934e-06
4.144280254e-06
4.131409921e-06
2.947064023e-06
6.139162699e-06
5.849800466e-06
3.677094482e-06
1.860680101e-06
2.361011627e-06
2.721158251e-06
3.009883782e-06
1.623834029e-06
3.910997188e-06
0
2.701591405e-06
1.19123889e-06
5.691779514e-07
5.323024858e-07
1.88938176e-06
2.458744418e-07
1.210278232e-06
7.320224675e-07
2.684522825e-06
1.176367816e-08
7.910484245e-07
6.341463846e-07
2.643767593e-07
0
1.049269847e-06
0
3.995384717e-07
2.938670834e-07
3.038738509e-07
0
0
1.447378705e-07
