#################################### 
# Matrix Size= (30,0.275,70)
# Resol      = (1,1,2000)
# VoxelSize  = (30,0.275,0.035)
# nbVal      = 2000
#################################### 
2.838981747e-06
2.770097235e-06
2.114706706e-06
2.259617048e-06
2.526457257e-06
3.033676584e-06
2.404757689e-06
2.716867645e-06
2.771155853e-06
2.368224791e-06
2.725637667e-06
2.953078402e-06
2.51968772e-06
2.565883879e-06
2.779910033e-06
2.58291827e-06
2.311700777e-06
2.7736867e-06
2.393801661e-06
2.582737375e-06
2.882344493e-06
3.011912299e-06
2.56191224e-06
3.383499648e-06
2.16639037e-06
2.846218215e-06
2.567671543e-06
3.017331072e-06
2.704363931e-06
2.756857564e-06
2.514453519e-06
2.538934047e-06
2.709454016e-06
2.488260379e-06
2.995847327e-06
2.77629491e-06
2.556320932e-06
2.56188765e-06
4.630136582e-06
2.319896429e-06
3.074015288e-06
2.089602611e-06
3.211780817e-06
2.525212421e-06
2.860707883e-06
2.725708254e-06
2.836107179e-06
2.956868488e-06
2.524875479e-06
2.832894657e-06
3.058317306e-06
1.989836309e-06
3.438307865e-06
3.143129745e-06
1.888521188e-06
2.767002801e-06
3.573258157e-06
3.119395282e-06
2.834415648e-06
2.522538536e-06
3.171410776e-06
2.868841917e-06
2.326665724e-06
2.776989274e-06
2.902779132e-06
3.105808902e-06
2.322250762e-06
2.772378881e-06
2.445708129e-06
3.170565609e-06
3.174992828e-06
2.303711612e-06
2.558279533e-06
3.36443522e-06
2.379699184e-06
3.04528211e-06
2.944295433e-06
2.847435749e-06
2.752308284e-06
2.613650237e-06
2.855240095e-06
2.808350788e-06
2.448586482e-06
3.000579903e-06
3.118294397e-06
2.200847764e-06
3.067249881e-06
2.985308798e-06
2.960267313e-06
2.576779283e-06
2.735318784e-06
3.447280376e-06
2.634063266e-06
2.350707864e-06
2.696384813e-06
3.134277009e-06
2.40738811e-06
2.427477234e-06
2.315223097e-06
3.746959261e-06
2.84184799e-06
2.900976192e-06
2.536634075e-06
3.043308988e-06
2.853064982e-06
3.12132083e-06
3.141143596e-06
2.371718332e-06
3.2036367e-06
3.340947969e-06
2.600203249e-06
2.891961568e-06
3.073459192e-06
3.296656791e-06
2.465573452e-06
3.01127804e-06
2.773360312e-06
3.39767054e-06
2.466012115e-06
2.976298229e-06
2.817782427e-06
3.93192544e-06
2.438829973e-06
2.956786343e-06
2.958824492e-06
2.799883621e-06
3.522649193e-06
2.859366104e-06
2.985112828e-06
3.167755056e-06
2.595423455e-06
2.635346137e-06
2.903571806e-06
3.279119457e-06
3.149042379e-06
3.022387495e-06
2.260721376e-06
3.15329147e-06
3.164454444e-06
3.051274661e-06
2.561480928e-06
2.909793048e-06
3.738274257e-06
3.090532006e-06
2.880050498e-06
2.783562414e-06
2.712386619e-06
3.813344322e-06
2.986851443e-06
2.932164948e-06
3.158555244e-06
3.174122563e-06
2.763274806e-06
3.365182287e-06
2.762534018e-06
3.583292779e-06
3.409992881e-06
2.953115834e-06
3.420737556e-06
2.362897815e-06
3.217803225e-06
2.861185136e-06
3.096115292e-06
3.419014274e-06
2.474630233e-06
2.920353529e-06
2.779551786e-06
2.680369436e-06
3.616160705e-06
2.880446129e-06
2.487974984e-06
3.162926021e-06
2.647905898e-06
3.910856239e-06
2.43480933e-06
3.524864852e-06
2.614172579e-06
2.862749365e-06
2.928976467e-06
3.154062182e-06
3.239064623e-06
2.960095452e-06
3.191676507e-06
2.945989596e-06
3.420434708e-06
3.189001219e-06
3.090323062e-06
2.604479749e-06
3.048363075e-06
2.805808595e-06
2.8914364e-06
3.24003548e-06
2.850606351e-06
3.368653208e-06
3.141966683e-06
2.893318347e-06
2.817607526e-06
3.564490574e-06
2.650478189e-06
2.942663908e-06
2.780635562e-06
3.065455897e-06
3.372816833e-06
2.480669506e-06
2.776074658e-06
3.343723942e-06
2.991731195e-06
3.19612527e-06
3.187101192e-06
3.18745193e-06
2.898350474e-06
2.770713169e-06
3.38720021e-06
2.921034788e-06
3.981549466e-06
3.05509438e-06
3.043123626e-06
2.579330759e-06
3.208612283e-06
3.364981646e-06
3.708597371e-06
3.18772076e-06
2.356399883e-06
3.308601118e-06
3.477128045e-06
2.918729057e-06
3.304418523e-06
2.637100925e-06
4.035779927e-06
3.203609229e-06
3.045334773e-06
3.60351508e-06
4.211216628e-06
2.75635385e-06
2.21766693e-06
2.99218226e-06
3.276314462e-06
3.103941483e-06
2.779153906e-06
3.493923541e-06
3.116149033e-06
3.018682445e-06
2.956926432e-06
3.84749003e-06
2.962036291e-06
3.378236967e-06
2.444711388e-06
3.741249609e-06
3.580214401e-06
3.07821858e-06
3.237436985e-06
2.985571678e-06
3.468442653e-06
2.789206911e-06
3.45697431e-06
3.212140125e-06
3.097804378e-06
3.11032828e-06
2.977460709e-06
3.02198377e-06
3.473800303e-06
2.62779927e-06
3.009003443e-06
3.086573938e-06
2.411643877e-06
3.246174701e-06
3.084639794e-06
3.322968917e-06
2.97016551e-06
3.494745636e-06
2.53943481e-06
3.289762654e-06
3.025630012e-06
2.99971054e-06
3.525114815e-06
2.91334743e-06
3.053082271e-06
3.281911323e-06
2.603197521e-06
3.32128611e-06
2.801362823e-06
3.398057487e-06
3.693127936e-06
2.867158255e-06
3.020231823e-06
3.010727091e-06
3.416959925e-06
3.117064199e-06
3.195621034e-06
3.042880685e-06
2.674363821e-06
3.407392354e-06
3.330723417e-06
2.916736901e-06
3.313985525e-06
3.270736553e-06
3.289528837e-06
3.078137386e-06
2.861257917e-06
3.233594691e-06
3.467007671e-06
2.958586039e-06
3.310700828e-06
3.379336529e-06
2.888186602e-06
3.070421833e-06
2.918823418e-06
3.232635005e-06
3.529382137e-06
4.136611239e-06
3.239230319e-06
3.088785921e-06
2.840087115e-06
3.284523893e-06
3.033621885e-06
3.41581403e-06
3.351294253e-06
2.821600449e-06
3.178350932e-06
3.764189824e-06
2.598242081e-06
3.618904974e-06
3.269895389e-06
3.411560355e-06
3.169828124e-06
3.292107605e-06
3.567378844e-06
3.07392541e-06
3.436225519e-06
3.836169028e-06
2.371158073e-06
3.761734392e-06
3.535620873e-06
3.519569349e-06
3.164263507e-06
3.374964505e-06
2.612991329e-06
2.637620922e-06
3.677338151e-06
3.456446599e-06
2.444078149e-06
3.233061498e-06
3.382828274e-06
3.468288536e-06
3.240084523e-06
3.16528045e-06
3.361080742e-06
3.848255322e-06
5.574018675e-06
3.335804919e-06
2.997059313e-06
3.053840323e-06
3.601308217e-06
2.615940497e-06
3.003984432e-06
3.410847664e-06
2.989245814e-06
3.779792905e-06
3.060047206e-06
2.840655651e-06
3.122744048e-06
3.368377467e-06
3.077863231e-06
3.030622817e-06
3.493212269e-06
3.426709494e-06
2.786040905e-06
3.416138854e-06
3.021208081e-06
2.550965059e-06
3.670322902e-06
4.69036007e-06
3.380494467e-06
2.798135528e-06
3.076500578e-06
3.573153087e-06
2.801167912e-06
3.219003754e-06
2.985893997e-06
2.927744327e-06
3.444332223e-06
3.55610589e-06
2.760179606e-06
5.432029858e-06
3.248198103e-06
3.237430858e-06
2.781578269e-06
3.099767724e-06
3.603283652e-06
2.728540255e-06
2.995559019e-06
3.138835526e-06
2.795618509e-06
3.504331166e-06
3.4791238e-06
2.586418947e-06
2.840723362e-06
3.201256302e-06
2.835544097e-06
3.638383113e-06
2.811295676e-06
2.931778265e-06
3.494839887e-06
3.356885836e-06
2.828204745e-06
2.731915433e-06
4.090613002e-06
2.648702686e-06
3.509866876e-06
2.985324e-06
4.157415745e-06
3.181873489e-06
3.481879959e-06
3.376963695e-06
3.070382688e-06
4.127521344e-06
2.651502705e-06
3.725117496e-06
2.707312871e-06
2.798091387e-06
2.92380905e-06
3.560898072e-06
3.245710669e-06
2.888106645e-06
3.59178345e-06
2.834935167e-06
3.345808255e-06
2.78702908e-06
2.850301288e-06
2.79325088e-06
2.913438725e-06
3.483803435e-06
3.415009123e-06
3.087325119e-06
2.642423321e-06
2.853641291e-06
3.144693936e-06
2.569804138e-06
3.809607128e-06
2.496099514e-06
3.042537554e-06
3.033992902e-06
2.327355788e-06
3.227860423e-06
2.7364844e-06
3.223282788e-06
3.120754465e-06
2.577134479e-06
3.095553872e-06
2.251238092e-06
3.497203396e-06
3.676107428e-06
2.584691115e-06
2.687160161e-06
2.633126603e-06
2.684395023e-06
3.710170625e-06
2.440155779e-06
3.701581814e-06
3.135046881e-06
2.7725217e-06
3.329914803e-06
2.586317396e-06
2.599379197e-06
3.494573517e-06
3.394766723e-06
3.105188377e-06
2.674179245e-06
3.019020146e-06
2.995672904e-06
2.834482288e-06
1.938589164e-06
2.786893428e-06
3.534773439e-06
3.347515454e-06
2.837913742e-06
2.515249176e-06
2.320233005e-06
2.937891225e-06
3.332698665e-06
2.951133464e-06
3.007770835e-06
4.331581852e-06
2.355186321e-06
3.088094476e-06
2.381471057e-06
2.858459989e-06
3.238157987e-06
2.707177044e-06
2.750601664e-06
3.045689096e-06
2.980153351e-06
2.982410964e-06
2.732990501e-06
2.68966597e-06
2.895903202e-06
2.874931787e-06
3.111738786e-06
2.934808403e-06
2.645693189e-06
2.060577259e-06
2.956432555e-06
2.940662024e-06
2.758980919e-06
2.572955126e-06
3.216619668e-06
3.450393238e-06
2.616504918e-06
2.643275207e-06
2.970076707e-06
2.725478856e-06
3.143613599e-06
2.809055198e-06
2.867936592e-06
2.776854353e-06
2.685353047e-06
3.818296936e-06
2.68719712e-06
2.874189464e-06
3.084650843e-06
3.359468617e-06
2.633873831e-06
2.625458003e-06
3.447793473e-06
2.366203877e-06
2.935524403e-06
2.803775021e-06
2.681029381e-06
3.632501876e-06
2.928776461e-06
2.547933913e-06
3.698783844e-06
2.520985376e-06
3.25512931e-06
3.153138146e-06
2.963635716e-06
3.250763165e-06
3.149421756e-06
2.801183619e-06
3.059532774e-06
3.314821929e-06
3.069932997e-06
2.699277797e-06
2.910451479e-06
3.259913677e-06
2.767080665e-06
3.057797547e-06
2.893577993e-06
3.103386909e-06
3.105903753e-06
3.664316717e-06
3.068883502e-06
3.09674913e-06
2.893823459e-06
3.384100124e-06
3.025536705e-06
3.017422273e-06
3.597955381e-06
2.869797229e-06
2.288609423e-06
2.902338579e-06
2.779598481e-06
3.739364024e-06
2.046129084e-06
3.147947019e-06
2.381773857e-06
2.689892477e-06
3.428879584e-06
3.146116712e-06
2.709601293e-06
3.481727542e-06
3.043835482e-06
2.331584798e-06
3.067876997e-06
3.767251234e-06
2.651491006e-06
3.362952457e-06
2.701544861e-06
3.063212376e-06
2.576338797e-06
2.544957571e-06
2.804320333e-06
3.471359561e-06
2.4364039e-06
3.069273372e-06
3.922387728e-06
2.299730652e-06
2.283747923e-06
3.279749129e-06
2.772361036e-06
2.639251921e-06
3.245097101e-06
3.257852145e-06
2.651871497e-06
3.428675846e-06
2.971571286e-06
2.306617344e-06
3.3283346e-06
3.429569979e-06
3.377559996e-06
3.067316212e-06
2.753992438e-06
2.732639444e-06
3.637084256e-06
2.868368008e-06
3.069933513e-06
2.842519693e-06
3.579226907e-06
2.87556894e-06
2.866820085e-06
3.023732666e-06
2.181748757e-06
2.560295187e-06
3.075548995e-06
2.141773875e-06
4.063461974e-06
3.193535624e-06
2.43863924e-06
2.249255114e-06
2.852237123e-06
2.756809908e-06
2.951057389e-06
3.028451295e-06
2.828451359e-06
3.089982451e-06
2.437460024e-06
2.967303182e-06
2.7328095e-06
2.383695135e-06
2.554010699e-06
2.470191381e-06
2.667356487e-06
3.250963626e-06
2.484339542e-06
2.360014989e-06
2.816101806e-06
2.56535755e-06
2.4825695e-06
2.652476776e-06
2.299479728e-06
2.507846777e-06
3.400548754e-06
2.503725506e-06
3.024951126e-06
3.154894655e-06
2.620828143e-06
3.081500254e-06
3.170148575e-06
2.358128575e-06
2.667450981e-06
2.896510625e-06
3.013329009e-06
3.002979497e-06
2.910586417e-06
2.431638232e-06
3.513921643e-06
2.810278322e-06
2.397162798e-06
2.507482386e-06
3.876269129e-06
2.913607604e-06
2.669096767e-06
1.99899644e-06
3.306765271e-06
2.607955881e-06
3.219150312e-06
3.129397475e-06
3.263375913e-06
2.114750671e-06
2.652704823e-06
3.015045951e-06
2.937694561e-06
2.890315717e-06
2.873406893e-06
3.429119175e-06
2.682026594e-06
3.18352222e-06
2.73505365e-06
2.586423377e-06
2.451718301e-06
2.827197508e-06
3.640721568e-06
2.338186885e-06
2.563540293e-06
2.514790077e-06
3.119107727e-06
2.902262688e-06
2.891615377e-06
2.74312861e-06
2.997212568e-06
3.129115061e-06
2.739549911e-06
2.646022176e-06
2.764942972e-06
2.810325076e-06
2.597053821e-06
3.370733412e-06
2.436951196e-06
2.912772191e-06
2.900846258e-06
2.639164641e-06
3.083261687e-06
2.767995262e-06
2.323561319e-06
2.810294351e-06
3.05373056e-06
3.143018218e-06
2.84455013e-06
3.042781463e-06
2.500542985e-06
2.917387683e-06
3.53820828e-06
2.633301156e-06
2.787908882e-06
3.118440697e-06
3.849936442e-06
2.837949858e-06
3.032277252e-06
2.897228498e-06
3.130266274e-06
3.375591605e-06
2.450490318e-06
3.043957815e-06
3.014535126e-06
3.406484778e-06
3.14370364e-06
3.127515978e-06
3.023937198e-06
2.26685569e-06
3.165953279e-06
3.037652628e-06
3.279450757e-06
2.748851896e-06
2.764916599e-06
3.839003428e-06
2.471058053e-06
2.307891284e-06
3.740469753e-06
3.029770705e-06
3.11309586e-06
3.33353549e-06
2.613101934e-06
3.300657864e-06
3.570580498e-06
2.615560785e-06
2.442821678e-06
2.983622786e-06
3.066044011e-06
2.977923053e-06
3.346838442e-06
2.770715476e-06
3.514823877e-06
2.543542937e-06
2.680494541e-06
3.007665872e-06
3.13821122e-06
2.891637481e-06
2.818020994e-06
3.539908072e-06
3.429101217e-06
2.909190052e-06
4.418130325e-06
3.437534396e-06
2.919357627e-06
3.357966107e-06
3.31877615e-06
2.817817643e-06
3.590718494e-06
2.710531504e-06
2.874836406e-06
3.517988578e-06
3.348936736e-06
3.285228569e-06
3.677880092e-06
2.600865195e-06
3.502210273e-06
2.698893835e-06
3.695774745e-06
3.722601016e-06
2.743638245e-06
2.846259983e-06
3.480204316e-06
3.2372421e-06
3.345324405e-06
2.841046785e-06
3.400512015e-06
3.397261985e-06
3.03421765e-06
2.659753719e-06
3.283418641e-06
3.743135509e-06
3.400638542e-06
2.535046909e-06
3.638338886e-06
4.161634977e-06
2.912559698e-06
3.169434877e-06
2.880065712e-06
2.753841231e-06
4.001357478e-06
3.299543556e-06
2.566220117e-06
3.964945624e-06
3.332362029e-06
3.484700958e-06
2.398867144e-06
3.859010698e-06
3.424543489e-06
2.872747674e-06
3.061730125e-06
3.184910273e-06
3.861450167e-06
2.491846156e-06
3.776143002e-06
2.492862343e-06
3.297714037e-06
3.17066878e-06
3.02895142e-06
3.329027062e-06
3.259336448e-06
2.906064265e-06
3.222765079e-06
3.813517371e-06
3.150007464e-06
3.429653646e-06
3.538622768e-06
3.126859403e-06
3.106627625e-06
3.86841168e-06
3.021541821e-06
3.734093017e-06
3.336335607e-06
3.965624279e-06
3.37716251e-06
3.445518553e-06
3.449790087e-06
3.8493979e-06
4.338089479e-06
3.10622545e-06
4.140030184e-06
3.255362841e-06
4.053306242e-06
3.509820323e-06
3.402883438e-06
3.263588145e-06
3.952577115e-06
3.909086164e-06
2.980926593e-06
5.155608369e-06
4.115034914e-06
3.247913128e-06
4.134197568e-06
3.698552206e-06
3.872559233e-06
4.545069153e-06
3.285231825e-06
3.118909893e-06
3.513321866e-06
4.03789201e-06
2.808484471e-06
4.413086385e-06
3.454869313e-06
3.755173422e-06
3.423059768e-06
3.768705794e-06
3.585986801e-06
3.380592038e-06
3.08929554e-06
3.828501625e-06
3.589666989e-06
3.676837432e-06
3.799286745e-06
3.036032531e-06
3.169398266e-06
4.06838265e-06
3.14016208e-06
3.20571262e-06
4.389438877e-06
3.218853945e-06
3.870853433e-06
3.383311111e-06
3.091742531e-06
3.498427493e-06
3.486676289e-06
3.43071942e-06
4.23212971e-06
4.096160498e-06
3.260481358e-06
3.959543429e-06
2.701817449e-06
3.228555692e-06
4.088603204e-06
3.007087275e-06
4.727706273e-06
3.291096709e-06
4.244388455e-06
3.027481981e-06
4.154553475e-06
3.458166943e-06
3.449111387e-06
4.81489864e-06
3.542023147e-06
3.609570657e-06
3.962646694e-06
3.179847639e-06
2.957521934e-06
4.360666332e-06
3.369697991e-06
2.705228545e-06
3.096501503e-06
3.889056165e-06
3.24696833e-06
4.045569841e-06
2.973782353e-06
3.302309972e-06
3.422305804e-06
3.559211682e-06
3.762886511e-06
2.596322208e-06
4.242108207e-06
3.570702722e-06
3.451621045e-06
3.122221059e-06
3.102132163e-06
3.70755707e-06
2.696499642e-06
3.690824077e-06
3.933678259e-06
3.076933649e-06
3.275178072e-06
5.111072546e-06
7.52833728e-06
3.292176283e-06
3.298093717e-06
3.987546024e-06
2.988354469e-06
3.64364981e-06
3.209674462e-06
3.356005743e-06
3.382521623e-06
3.374929992e-06
3.670550533e-06
3.235709021e-06
3.116226816e-06
3.835338737e-06
2.571345614e-06
3.84489959e-06
3.090839413e-06
3.564050383e-06
3.318113734e-06
3.305044039e-06
3.094100156e-06
2.760736671e-06
3.517925451e-06
3.574134104e-06
3.473339181e-06
2.993632101e-06
2.897824152e-06
3.559926405e-06
3.478681355e-06
2.973525531e-06
3.229772279e-06
3.248628286e-06
3.534117213e-06
3.135827534e-06
3.157207538e-06
3.59773859e-06
3.325044278e-06
3.562512411e-06
3.770677901e-06
3.550931345e-06
3.282757441e-06
2.980104962e-06
4.519198063e-06
2.909863523e-06
3.644327206e-06
3.391321493e-06
3.661936448e-06
3.292204545e-06
3.410979486e-06
2.86142447e-06
3.302138547e-06
3.99195675e-06
3.498253255e-06
2.379167067e-06
4.554965601e-06
3.375627965e-06
3.28293145e-06
2.939238664e-06
3.173425369e-06
3.674735179e-06
3.979772323e-06
2.774884091e-06
4.155457347e-06
2.927183918e-06
3.281574226e-06
3.210254278e-06
3.161516406e-06
3.346642303e-06
3.136239992e-06
3.054983286e-06
3.673575933e-06
3.329716472e-06
2.778414312e-06
3.899147961e-06
3.785119057e-06
3.057004809e-06
2.869044722e-06
3.455077081e-06
3.763408978e-06
2.929429886e-06
4.091451622e-06
2.76868833e-06
3.147466395e-06
3.302213083e-06
2.674884017e-06
3.594767915e-06
3.33175593e-06
2.907971505e-06
4.429397571e-06
3.706452561e-06
3.261729849e-06
3.940703448e-06
4.502651291e-06
2.805390771e-06
2.830341327e-06
2.892211205e-06
4.046237854e-06
2.947615989e-06
2.741164235e-06
4.276125728e-06
2.542814348e-06
3.510825123e-06
2.979826834e-06
3.194779362e-06
3.288363182e-06
2.913025586e-06
3.387165853e-06
3.458688472e-06
3.262930836e-06
3.162923356e-06
3.194641122e-06
3.24037325e-06
3.282550907e-06
4.091983327e-06
2.239600702e-06
3.3562117e-06
3.123099842e-06
3.45853004e-06
3.053470433e-06
3.301822173e-06
3.052987493e-06
3.225672314e-06
3.499361517e-06
2.938933562e-06
3.295490696e-06
3.723146847e-06
2.62338305e-06
3.760681188e-06
2.519232436e-06
3.387774858e-06
3.663804284e-06
2.993856715e-06
2.986261005e-06
3.302131713e-06
3.436807027e-06
3.127259301e-06
3.507586739e-06
3.44199884e-06
3.184721046e-06
3.048087375e-06
3.18131824e-06
3.672074916e-06
3.533451877e-06
3.237954445e-06
3.048589307e-06
3.912172487e-06
3.092485291e-06
3.194588394e-06
2.535448933e-06
3.722528943e-06
3.385125745e-06
3.030785191e-06
3.366616794e-06
3.396443239e-06
2.45583449e-06
3.541264781e-06
3.50457263e-06
3.413628719e-06
4.073828296e-06
2.662536535e-06
3.428687782e-06
3.653642559e-06
3.888378344e-06
3.825280746e-06
3.589656732e-06
3.502754003e-06
3.346480502e-06
4.084272824e-06
2.497321316e-06
4.09734154e-06
3.168146426e-06
3.354860648e-06
2.982905736e-06
3.217674523e-06
3.636241443e-06
3.601606578e-06
2.944528444e-06
3.304471773e-06
3.282371894e-06
3.682375418e-06
3.579702564e-06
3.09409875e-06
3.216766988e-06
2.961991436e-06
3.618021355e-06
3.321796179e-06
3.701682568e-06
3.774740031e-06
3.40572134e-06
3.678612729e-06
2.552603695e-06
3.412928127e-06
3.17840997e-06
3.892624394e-06
3.860882303e-06
3.296545745e-06
2.675827128e-06
3.539931634e-06
3.700598865e-06
4.40380624e-06
2.965992179e-06
3.725159447e-06
4.071047385e-06
3.367053498e-06
3.670457547e-06
3.41792922e-06
4.179523478e-06
3.981632122e-06
4.651388061e-06
3.854343841e-06
4.555729832e-06
2.744120459e-06
4.199505442e-06
4.448906677e-06
4.388990683e-06
3.567514222e-06
3.990783746e-06
3.64040991e-06
3.942850733e-06
3.257956694e-06
3.058364888e-06
3.583133438e-06
3.823486534e-06
4.162371641e-06
2.726972482e-06
3.740883085e-06
3.605546865e-06
3.640260892e-06
3.998048521e-06
3.458575099e-06
3.648598332e-06
3.387175225e-06
3.678181515e-06
3.466202384e-06
3.425767236e-06
3.802500999e-06
3.838270822e-06
3.389446664e-06
3.063626411e-06
3.810205349e-06
3.75951319e-06
3.455803705e-06
3.412485727e-06
3.168444222e-06
3.424268e-06
3.268777274e-06
3.84718743e-06
3.333516919e-06
3.544066875e-06
3.237076034e-06
3.941360387e-06
3.945831368e-06
3.383751482e-06
3.352695799e-06
3.047832729e-06
4.539152022e-06
3.432588334e-06
3.134050674e-06
2.747709776e-06
3.711619479e-06
3.819391916e-06
3.693475915e-06
3.532920694e-06
3.531808843e-06
3.034071271e-06
3.855690456e-06
3.840785628e-06
3.766415044e-06
3.779813923e-06
3.080307632e-06
3.884250932e-06
3.857446892e-06
3.770780054e-06
3.703795455e-06
6.676083289e-06
3.400568522e-06
3.281782127e-06
3.830550784e-06
3.577977956e-06
3.23613198e-06
4.198635428e-06
3.589393939e-06
3.379852311e-06
3.953629626e-06
3.584971248e-06
3.007129849e-06
3.996897164e-06
3.953198032e-06
3.472763743e-06
3.580692279e-06
3.419464731e-06
3.422856659e-06
4.886828697e-06
3.301499794e-06
2.499048424e-06
4.460821527e-06
4.093120464e-06
3.480827518e-06
3.944154904e-06
4.491099588e-06
4.071818539e-06
3.521601878e-06
4.189633511e-06
3.63943063e-06
4.263256934e-06
3.438696403e-06
3.607425611e-06
3.734280191e-06
4.257474909e-06
4.10170679e-06
3.92888027e-06
4.184421548e-06
4.4670403e-06
3.428040811e-06
3.549342468e-06
3.612163443e-06
3.10136281e-06
3.782466734e-06
2.637493464e-06
4.271429015e-06
3.755884825e-06
2.601570743e-06
4.388813673e-06
3.369907941e-06
3.706117189e-06
3.303085015e-06
4.480777331e-06
3.641708967e-06
2.94728095e-06
3.70319999e-06
2.472901295e-06
4.922932239e-06
3.018855172e-06
2.597317144e-06
3.625776221e-06
3.882758793e-06
3.890878498e-06
2.953784763e-06
3.990986198e-06
3.021823775e-06
3.898999236e-06
3.641084388e-06
3.381142141e-06
2.645947846e-06
4.712709049e-06
3.076297918e-06
2.75458213e-06
3.451739777e-06
3.38704062e-06
3.858436647e-06
3.093762863e-06
3.449387923e-06
3.466199059e-06
3.398073128e-06
3.94323598e-06
3.160136075e-06
3.191337355e-06
3.819524839e-06
3.32434693e-06
3.539791201e-06
3.844024741e-06
3.478977233e-06
3.177187339e-06
3.871589692e-06
3.631464103e-06
3.408170928e-06
2.828627751e-06
4.341268462e-06
2.966455522e-06
3.485435064e-06
3.61230348e-06
3.201761493e-06
4.342888411e-06
3.590138675e-06
3.864390917e-06
3.15265835e-06
3.340372717e-06
3.269346092e-06
2.677315851e-06
3.389281773e-06
4.37664614e-06
4.251229777e-06
3.004079109e-06
3.500263019e-06
3.681246522e-06
3.685303536e-06
3.279015516e-06
4.260885754e-06
3.014903752e-06
3.249565122e-06
4.355938567e-06
2.732076423e-06
3.79194206e-06
4.155738987e-06
3.064380601e-06
3.682172104e-06
4.268884105e-06
4.615152821e-06
3.474086443e-06
4.723156353e-06
2.439738914e-06
3.945165157e-06
4.442205778e-06
3.774784117e-06
4.503789791e-06
4.050501406e-06
3.120685318e-06
3.829930199e-06
3.829012341e-06
3.67406041e-06
3.541811426e-06
3.557343415e-06
4.31952539e-06
4.127248376e-06
3.623453765e-06
3.410621884e-06
4.344681185e-06
3.433560301e-06
4.219399261e-06
3.702474877e-06
3.290806873e-06
4.028692955e-06
3.914456958e-06
3.503002927e-06
3.743142436e-06
4.089117174e-06
3.805646437e-06
4.155852324e-06
3.582305697e-06
3.774558818e-06
3.846578218e-06
5.118169084e-06
3.447784999e-06
3.570335072e-06
4.105502604e-06
4.917775201e-06
3.534300351e-06
3.77137052e-06
4.194155696e-06
3.30431704e-06
4.14833172e-06
4.102179906e-06
3.493344616e-06
3.988954936e-06
3.595534171e-06
3.919744121e-06
4.366897329e-06
3.974727287e-06
3.798723079e-06
4.366443612e-06
3.633659139e-06
3.925289697e-06
4.174863521e-06
3.627899446e-06
4.428431365e-06
3.174702823e-06
3.638598025e-06
4.724820693e-06
3.728413915e-06
3.975315207e-06
3.95221696e-06
4.596316908e-06
3.639243873e-06
3.765304068e-06
4.030764059e-06
3.481696508e-06
3.3703413e-06
4.190118095e-06
4.39195467e-06
4.636116425e-06
4.159233335e-06
3.237593155e-06
4.242556135e-06
3.502871575e-06
4.025727805e-06
4.384377487e-06
3.577643265e-06
4.357746168e-06
3.57127133e-06
4.152132254e-06
3.53266969e-06
3.449238849e-06
4.362534349e-06
4.078062045e-06
3.072118519e-06
4.369981656e-06
4.555960019e-06
3.878458848e-06
3.216093868e-06
3.661551065e-06
3.790545276e-06
4.06692469e-06
3.669065214e-06
4.613117823e-06
3.704677355e-06
3.533187632e-06
4.118114886e-06
4.022810349e-06
4.130572733e-06
3.809731553e-06
4.10842647e-06
3.789561812e-06
4.534873205e-06
4.022938531e-06
3.496874994e-06
3.648892797e-06
3.749224552e-06
3.878353868e-06
4.07668969e-06
3.476902054e-06
3.596069436e-06
4.242015266e-06
4.602166467e-06
3.44085472e-06
4.506186352e-06
4.211645846e-06
3.632755837e-06
4.563399344e-06
3.735180424e-06
4.738564859e-06
4.298221492e-06
3.708134901e-06
3.601561354e-06
4.624861504e-06
3.943194963e-06
3.450420739e-06
3.931042408e-06
4.763773154e-06
4.208415924e-06
3.961418114e-06
4.232788901e-06
4.357353368e-06
3.951762703e-06
3.421096312e-06
5.1297822e-06
4.245037634e-06
4.607925213e-06
3.516084235e-06
3.516422016e-06
5.419663576e-06
3.743551171e-06
4.771891922e-06
4.432025721e-06
3.426208282e-06
4.32694828e-06
4.151228803e-06
4.015810117e-06
4.822677184e-06
4.605201795e-06
4.357362681e-06
5.11527088e-06
3.763438796e-06
4.188128992e-06
5.612169102e-06
4.332589159e-06
4.390009992e-06
4.635384396e-06
4.932845569e-06
3.787466148e-06
3.51574757e-06
6.410986815e-06
3.877635493e-06
5.012742384e-06
4.284582898e-06
4.546615903e-06
4.246853834e-06
4.518260432e-06
4.997682758e-06
4.33246452e-06
5.219607747e-06
4.996890639e-06
4.339180865e-06
4.97832854e-06
4.531316973e-06
4.913897691e-06
4.917616346e-06
4.519087923e-06
4.258005973e-06
4.731240736e-06
4.032759428e-06
4.188089915e-06
4.975225354e-06
4.220876441e-06
4.298671553e-06
5.044424178e-06
4.591190131e-06
4.811467821e-06
4.684796323e-06
4.906723792e-06
3.567821301e-06
5.126744108e-06
5.200529546e-06
6.243070208e-06
4.057274668e-06
5.888516815e-06
5.304493665e-06
5.173571335e-06
5.742981748e-06
4.166142527e-06
5.660760185e-06
4.301881096e-06
4.279147969e-06
5.170264524e-06
5.332832351e-06
1.061785319e-05
8.224104982e-06
5.556284883e-06
4.716146379e-06
4.400646745e-06
4.841985856e-06
5.401025725e-06
4.719636443e-06
4.907618413e-06
3.955024106e-06
5.067146848e-06
5.568391763e-06
5.755946099e-06
5.565073705e-06
4.220525881e-06
4.863921556e-06
4.739455411e-06
5.380556144e-06
5.244834072e-06
5.334767185e-06
5.387774955e-06
4.640355335e-06
4.641948191e-06
5.732717162e-06
4.515280245e-06
6.249953022e-06
4.434311667e-06
5.575050665e-06
4.833387965e-06
5.419248903e-06
5.033831812e-06
5.334124923e-06
5.244010236e-06
4.77343274e-06
5.731083021e-06
6.181444979e-06
5.009121044e-06
5.180646873e-06
6.0765174e-06
5.310365244e-06
5.985327452e-06
4.148255842e-06
4.117844525e-06
5.127928354e-06
6.463191498e-06
5.201916978e-06
5.681264076e-06
4.668752626e-06
5.525167488e-06
5.905436463e-06
4.750359021e-06
5.133905735e-06
5.346115101e-06
5.267011902e-06
5.613125592e-06
4.562559925e-06
5.453916996e-06
5.050561161e-06
5.320659052e-06
4.458753729e-06
5.651584215e-06
5.151738045e-06
5.468585025e-06
4.117293968e-06
4.860442166e-06
5.485168778e-06
5.082508919e-06
5.152658158e-06
5.097601401e-06
4.110572123e-06
5.403688781e-06
5.50882809e-06
5.900156214e-06
5.5319245e-06
5.933873661e-06
4.193598531e-06
5.784998229e-06
4.793767585e-06
4.374483115e-06
5.305732723e-06
6.176803152e-06
3.551563185e-06
5.118600823e-06
6.040580008e-06
4.705230815e-06
5.402776882e-06
5.043773266e-06
4.886072464e-06
5.011115949e-06
5.248264534e-06
5.030713715e-06
5.325148786e-06
5.17311743e-06
5.652528939e-06
4.6986081e-06
4.174097415e-06
5.41477764e-06
4.272376068e-06
5.288260259e-06
5.902220129e-06
5.656062e-06
5.069613765e-06
4.658974138e-06
5.624432844e-06
5.390589684e-06
5.248794815e-06
4.85367563e-06
4.966924001e-06
5.997438276e-06
5.230298911e-06
5.448446682e-06
5.176863577e-06
5.503311216e-06
5.768913293e-06
4.854119121e-06
5.06076341e-06
5.834656027e-06
4.444733404e-06
5.178758084e-06
6.06112159e-06
4.299733213e-06
6.535152766e-06
4.984243644e-06
5.102194443e-06
5.004135909e-06
5.775391725e-06
5.029857184e-06
4.896367807e-06
5.465968586e-06
4.563967469e-06
5.123576873e-06
5.044630285e-06
5.888507162e-06
6.776390951e-06
5.431746647e-06
4.496555014e-06
4.566176431e-06
5.602942986e-06
5.175773634e-06
4.498651638e-06
5.765202393e-06
4.126092828e-06
6.17020444e-06
5.499600735e-06
6.09936826e-06
4.528256912e-06
5.977961779e-06
4.864751896e-06
5.031104104e-06
5.976377992e-06
4.997270292e-06
4.79264086e-06
6.015519255e-06
5.384647815e-06
5.659333631e-06
5.325389466e-06
6.054545887e-06
6.092067007e-06
5.107216859e-06
4.692352988e-06
4.668917303e-06
6.296625796e-06
4.872238089e-06
4.925569194e-06
6.072744209e-06
4.856888352e-06
4.588715617e-06
5.628071203e-06
5.239823332e-06
5.596970647e-06
6.101095864e-06
4.946576622e-06
5.762290689e-06
5.774775338e-06
5.172602952e-06
5.030572832e-06
5.024244215e-06
5.620113439e-06
5.057551372e-06
5.64178598e-06
5.8644246e-06
5.890110894e-06
4.683194796e-06
4.563726351e-06
4.972413782e-06
4.783857309e-06
5.337106041e-06
6.093112567e-06
5.491162184e-06
5.246990539e-06
5.338428891e-06
5.299703643e-06
5.172745906e-06
5.798628498e-06
6.020786467e-06
5.099980127e-06
5.01975417e-06
5.228180555e-06
5.408379676e-06
5.938559736e-06
6.327407057e-06
5.531453225e-06
3.412050639e-06
5.378493634e-06
6.055073014e-06
6.13580474e-06
6.075351609e-06
4.344534307e-06
6.051444884e-06
6.250760623e-06
5.502199216e-06
5.516612681e-06
6.016900295e-06
5.630332123e-06
7.485745147e-06
1.027884291e-05
5.231585963e-06
7.117427219e-06
6.427992355e-06
4.860400596e-06
7.003026021e-06
4.503859782e-06
7.043836312e-06
5.102775744e-06
5.511716182e-06
5.896320396e-06
5.105839206e-06
6.224468972e-06
6.101698452e-06
4.637792087e-06
5.979075875e-06
5.454611873e-06
5.787668629e-06
5.852791484e-06
6.107545893e-06
5.455737425e-06
6.791557058e-06
5.556809325e-06
5.509908352e-06
7.069135977e-06
5.913521773e-06
5.17709267e-06
7.070948443e-06
5.804472665e-06
6.503400044e-06
6.981128236e-06
6.068516944e-06
6.504929137e-06
5.854312709e-06
5.542132937e-06
5.965277912e-06
5.621560206e-06
6.236336619e-06
5.904857599e-06
5.120837566e-06
7.117904284e-06
6.868604251e-06
5.848967809e-06
4.533441181e-06
6.550138891e-06
5.881783408e-06
5.158872503e-06
6.963392301e-06
6.608410626e-06
6.174590162e-06
6.576463624e-06
5.740828057e-06
5.681867059e-06
7.71193096e-06
5.512477011e-06
7.337540142e-06
5.513362308e-06
5.947385873e-06
7.36922306e-06
5.804720695e-06
5.425668348e-06
7.965628691e-06
7.164661506e-06
6.165164703e-06
7.185838808e-06
7.082614475e-06
6.183653448e-06
6.902992755e-06
7.225711977e-06
6.638404809e-06
7.52370373e-06
6.730822203e-06
8.21203691e-06
7.870021165e-06
7.368432878e-06
7.47277472e-06
8.020917897e-06
6.873887973e-06
8.414665135e-06
8.299563613e-06
5.611738735e-06
7.377980413e-06
9.772661125e-06
7.726991204e-06
7.36047153e-06
7.952993119e-06
8.258588452e-06
7.79651244e-06
7.836870778e-06
8.559357649e-06
6.847510222e-06
1.09042408e-05
6.236017783e-06
8.350949691e-06
8.153487363e-06
8.722244661e-06
8.22803939e-06
6.76102228e-06
9.720237341e-06
8.538938712e-06
6.740127956e-06
9.823365641e-06
8.141915335e-06
7.746201034e-06
7.213808979e-06
1.075661244e-05
8.855113927e-06
8.04741996e-06
9.976687283e-06
7.463853666e-06
1.200668872e-05
8.170758474e-06
9.220404769e-06
8.776838658e-06
9.253788056e-06
9.237361528e-06
1.158733866e-05
7.19558499e-06
1.012060907e-05
9.833998053e-06
1.03434811e-05
1.02839974e-05
9.583458959e-06
1.041771975e-05
8.844253878e-06
1.269945726e-05
9.947014586e-06
1.049572296e-05
1.216314379e-05
7.305774264e-06
9.940419432e-06
1.243438324e-05
1.336683067e-05
1.017132668e-05
1.110250382e-05
1.229670248e-05
1.254275751e-05
1.039991155e-05
1.521436674e-05
1.171108006e-05
1.452231252e-05
1.020103752e-05
1.017998577e-05
1.380256629e-05
1.059231454e-05
1.190583222e-05
1.167408477e-05
1.216626677e-05
1.282136029e-05
1.133141597e-05
1.570166167e-05
1.23283319e-05
1.486908221e-05
1.224577798e-05
1.102410614e-05
8.608429013e-06
1.338874174e-05
1.340631247e-05
1.315439144e-05
1.175209561e-05
1.199828697e-05
1.28485099e-05
1.20932482e-05
1.38543851e-05
1.098693437e-05
7.324445896e-06
1.218527824e-05
1.627635571e-05
1.313342487e-05
1.299761213e-05
1.047491806e-05
1.226167525e-05
1.252775286e-05
1.050239527e-05
1.030858261e-05
1.214237227e-05
1.914320846e-05
9.405577877e-06
1.219796046e-05
7.297359721e-06
1.080647736e-05
1.330090281e-05
1.327636575e-05
1.032476365e-05
8.500739809e-06
9.977955273e-06
1.003561889e-05
1.072097825e-05
8.365895645e-06
1.012350341e-05
5.489268292e-06
9.864969983e-06
8.688754265e-06
1.256269442e-05
8.898262764e-06
1.111313413e-05
1.01619619e-05
8.248368136e-06
6.961331583e-06
1.062165191e-05
5.878854587e-06
9.756457926e-06
7.53577126e-06
8.371862491e-06
7.451626256e-06
8.769904822e-06
5.915309136e-06
8.267298357e-06
6.800732355e-06
9.797963567e-06
7.683257869e-06
4.815388275e-06
3.540502914e-06
5.260919121e-06
3.713261485e-06
4.043904791e-06
4.027223347e-06
2.872596124e-06
5.981518457e-06
5.6929811e-06
3.570138682e-06
1.798766152e-06
2.302575739e-06
2.640363778e-06
2.93326411e-06
1.580937877e-06
3.811356899e-06
0
2.629841005e-06
1.163526353e-06
5.552209116e-07
5.193701314e-07
1.842022542e-06
2.408260709e-07
1.176922577e-06
7.112147941e-07
2.607711877e-06
9.266057642e-09
7.729762727e-07
6.183386986e-07
2.588268852e-07
0
1.02124023e-06
0
3.898308173e-07
2.876455287e-07
2.973753175e-07
0
0
1.416076698e-07
