#################################### 
# Matrix Size= (30,0.275,70)
# Resol      = (1,1,2000)
# VoxelSize  = (30,0.275,0.035)
# nbVal      = 2000
#################################### 
5.196167328
5.06998447
3.870591976
4.13573407
4.623943898
5.552658431
4.401296324
4.972420531
5.071792215
4.33434909
4.988486826
5.40475636
4.611555452
4.696109867
5.087822253
4.727289727
4.230905959
5.076449203
4.381172293
4.726964322
5.275312522
5.513166343
4.689394632
6.19315399
3.965518438
5.209208287
4.700108172
5.522392609
4.949590348
5.045681052
4.602019439
4.646824667
4.958925472
4.554081379
5.483090527
5.081263177
4.67866255
4.688851341
8.484300589
4.245956542
5.626184905
3.824461494
5.878322537
4.621753023
5.235785508
4.988696949
5.190762418
5.411790433
4.621142237
5.184888658
5.598872284
3.641900099
6.292952317
5.754246785
3.456463214
5.065158265
6.540672487
5.709285864
5.187696264
4.61688943
5.804490278
5.250722595
4.258393591
5.082608681
5.312843919
5.684434155
4.250327445
5.074179453
4.476302304
5.802988339
5.811074436
4.216398395
4.682343321
6.157815876
4.355490665
5.573692675
5.388850486
5.211585099
5.037476998
4.783689009
5.225880012
5.140063665
4.481586568
5.49189498
5.707353053
4.028167701
5.613951221
5.463955428
5.418128825
4.716251918
5.006413594
6.309506469
4.821092927
4.302473397
4.935202008
5.736638003
4.406209433
4.442990489
4.237581139
6.858033115
5.20144524
5.309647218
4.642832272
5.570173246
5.221977404
5.713022562
5.749251021
4.340983816
5.863628192
6.114957679
4.759213847
5.299195891
5.626586899
6.033930679
4.512768382
5.511578289
5.07613607
6.218860511
4.5135722
5.447601866
5.157440119
7.196722751
4.46383512
5.411863274
5.415704335
5.124770349
6.447574242
5.233674418
5.463826042
5.798281282
4.750546458
4.823563871
5.314585974
6.00207411
5.763784629
5.532211109
4.137857117
5.771856255
5.792088451
5.585539615
4.688374417
5.325913798
6.842291094
5.657292146
5.271954926
5.094896221
4.964614849
6.980279623
5.466991488
5.366880023
5.781905118
5.809914269
5.057805371
6.160038884
5.056398139
6.55896443
6.242042793
5.405329422
6.261153314
4.32494015
5.88983681
5.237276325
5.667301826
6.25804973
4.529467277
5.345310648
5.087597453
4.906399969
6.618880507
5.272277474
4.55411924
5.789323574
4.846870847
7.158477426
4.45660435
6.452044774
4.784907454
5.239905095
5.361130374
5.77313811
5.928713012
5.418097578
5.841972539
5.392279273
6.260693629
5.837087373
5.656483006
4.767206484
5.579681748
5.13571291
5.292448022
5.930529485
5.217724204
6.16595563
5.751031847
5.295906214
5.15732835
6.524426607
4.851422451
5.386246502
5.089667136
5.611013521
6.173601049
4.540615828
5.081340494
6.12035928
5.476090034
5.850208743
5.833674208
5.834342973
5.305158307
5.071544924
6.199969824
5.346695322
7.287885229
5.592077993
5.570185939
4.721249581
5.873100685
6.159327451
6.788289779
5.834868367
4.313205395
6.056134818
6.364621291
5.342516063
6.048504526
4.827025143
7.386904317
5.863996366
5.574979645
6.596489429
7.70899148
5.045939304
4.059558274
5.477654969
5.99770727
5.681840855
5.087074931
6.395415634
5.703947143
5.525513744
5.412479956
7.045315851
5.421841409
6.188648712
4.474915157
6.852673782
6.557419658
5.634531542
5.929640153
5.464946746
6.352198111
5.105527802
6.327838669
5.879686052
5.670393682
5.69333165
5.450122529
5.531628902
6.358679349
4.810086972
5.50786989
5.649876495
4.414434394
5.942010921
5.646341745
6.082607354
5.436798593
6.397043299
4.648364191
6.021828778
5.538340752
5.491069285
6.452792987
5.332969788
5.588608912
6.007494064
4.76510113
6.079554599
5.127853684
6.220094502
6.760229216
5.24830902
5.528492148
5.511108038
6.254720807
5.705770167
5.849571338
5.569974178
4.895417814
6.237230616
6.096883232
5.339107748
6.066248289
5.987105256
6.021491
5.634545946
5.237569619
5.919116307
6.346395504
5.415721854
6.060276594
6.185915585
5.286867444
5.620438555
5.34296285
5.91739488
6.46059847
7.572153117
5.929480546
5.654097313
5.198841412
6.012385224
5.553130342
6.252732602
6.134629827
5.165115031
5.818073778
6.890452454
4.756175772
6.628151835
5.98573494
6.244990441
5.802492443
6.026406557
6.530228878
5.627010839
6.29106593
7.022318188
4.340507343
6.887256237
6.472266565
6.445155562
5.79241611
6.178038004
4.783488743
4.828478015
6.7315619
6.32745698
4.474069534
5.918297133
6.192611821
6.349229273
5.931192226
5.794558934
6.152866735
7.067049306
10.20283411
6.109596511
5.486315493
5.59047479
6.592735554
4.788805614
5.499007755
6.244045125
5.472203854
6.91938955
5.60180008
5.200029157
5.71664713
6.166366228
5.634488267
5.548005543
6.394791432
6.273282998
5.100077171
6.253590006
5.530604902
4.669926638
6.719030446
8.61331536
6.188497513
5.122248436
5.631819339
6.541238711
5.128073326
5.892701372
5.466170209
5.359542453
6.305199332
6.509996101
5.052802172
9.942388472
5.94647306
5.926464497
5.092318394
5.674481574
6.596514556
4.995201343
5.48394022
5.746192585
5.118003551
6.415302861
6.369199687
4.734781485
5.200508477
5.860673605
5.191055213
6.660800459
5.146678185
5.367102996
6.399847793
6.145567401
5.179591037
5.001148438
7.491686107
4.849179318
6.427013763
5.465054495
7.615295672
5.82587769
6.377336804
6.184776234
5.620763957
7.559014515
4.85402568
6.819400036
4.956703087
5.122332679
5.352918918
6.518871862
5.941763148
5.287595836
6.575475865
5.189796443
6.125647858
5.102110513
5.217927921
5.113972671
5.33354028
6.377683707
6.252161358
5.651856004
4.8374013
5.22409483
5.756886094
4.70445676
6.974168815
4.56955646
5.569916709
5.554254233
4.260633181
5.909193406
5.009636781
5.900810726
5.713108251
4.71793475
5.666993252
4.121313816
6.402302452
6.729822989
4.73177147
4.9193664
4.820457831
4.914311218
6.792194491
4.467194084
6.789773769
5.739332498
5.075656746
6.096089739
4.734786332
4.75870458
6.397564993
6.214834404
5.684703299
4.895644631
5.526961042
5.484224276
5.189126704
3.549009973
5.102018538
6.471178378
6.128370578
5.195428916
4.604716679
4.247718926
5.378473793
6.101322273
5.402710914
5.506431323
7.929068873
4.311718327
5.653473751
4.359856933
5.233129854
5.928309931
4.956173377
5.035732988
5.575910782
5.455899315
5.460160398
5.003488844
4.924097969
5.302186062
5.263298923
5.696992793
5.372911076
4.844101529
3.772422655
5.412882912
5.383624115
5.051400978
4.710458382
5.888854773
6.31684902
4.790627078
4.839221048
5.437884725
4.989717179
5.75522776
5.142721181
5.250957217
5.083790503
4.91627434
6.990839646
4.919662831
5.262390738
5.647328502
6.150443618
4.822577206
4.807028919
6.312580104
4.332469538
5.374778198
5.133533848
4.909311088
6.650969528
5.362479587
4.664966056
6.77245136
4.616289927
5.960312002
5.772801884
5.42749207
5.953262505
5.766235336
5.129488669
5.602259634
6.070779896
5.621040959
4.941869146
5.32983915
5.970140091
5.066008248
5.599936694
5.297838554
5.683683316
5.686907237
6.711126721
5.619613901
5.670191125
5.298568668
6.197769697
5.540243782
5.526258773
6.587751514
5.25545837
4.19169956
5.314148788
5.090423099
6.847698845
3.746130682
5.763449606
4.362005427
4.926629231
6.277820062
5.760651716
4.962419889
6.377626561
5.575814427
4.268784287
5.619466253
6.89945291
4.856139107
6.157142985
4.946293891
5.610494044
4.718934884
4.659714557
5.134326259
6.358031818
4.461017889
5.621665787
7.184007405
4.210563722
4.183671348
6.005017114
5.078712327
4.832454693
5.944229288
5.968165042
4.855564503
6.283123038
5.442904673
4.225674975
6.100344605
6.286044038
6.19238804
5.616321224
5.045638103
5.003966428
6.664864649
5.259612862
5.630863618
5.204989661
6.571302804
5.274350715
5.270345734
5.536445548
3.994669009
4.687733743
5.631102163
3.921704374
7.448972457
5.854512277
4.464955312
4.118216941
5.222648919
5.048258082
5.40379467
5.545188637
5.179718138
5.657660794
4.463213074
5.433093657
5.003944408
4.364622845
4.676300613
4.522884914
4.884148184
5.952749063
4.54867835
4.321156241
5.156508848
4.697069333
4.545784415
4.856617363
4.210279655
4.592464466
6.227254099
4.584188712
5.53903161
5.777042022
4.798728001
5.642083572
5.804911841
4.317742405
4.884481083
5.303550345
5.517348238
5.498360225
5.329611656
4.452310971
6.434353524
5.145706773
4.389487732
4.591279158
7.0977488
5.334869126
4.887174708
3.6601718
6.055122233
4.775446455
5.894427171
5.730328204
5.975213401
3.872252627
4.857407244
5.521071898
5.378902087
5.292389095
5.26120522
6.279361014
4.910938756
5.829390126
5.007886438
4.736078491
4.489156129
5.176624457
6.666573421
4.281307162
4.693876938
4.604660144
5.712278994
5.314460504
5.295466289
5.023094697
5.488891128
5.730828688
5.016194344
4.844929658
5.062668323
5.146183019
4.755667899
6.1719933
4.462136188
5.333374758
5.311927839
4.832420873
5.646079432
5.068315748
4.254943071
5.145779275
5.591555313
5.755448874
5.208578154
5.571862937
4.578620005
5.341878774
6.479045064
4.821756738
5.105222088
5.710061378
7.049804659
5.196926171
5.553036327
5.305008391
5.73216927
6.181571122
4.487091093
5.574162379
5.520650487
6.238181469
5.756896703
5.726724061
5.537811257
4.15124555
5.797497621
5.563594761
6.005702215
5.033379606
5.062880416
7.030597137
4.525261283
4.225966819
6.849141079
5.54886278
5.701007091
6.104093641
4.785907154
6.044317595
6.538636755
4.78944294
4.473533209
5.463355949
5.614262978
5.45359591
6.129017927
5.073592735
6.436061352
4.658094897
4.908300155
5.507987371
5.746538659
5.294958605
5.160133
6.482634474
6.28050305
5.327679396
8.111818488
6.300847931
5.346256726
6.149826017
6.079133246
5.159838664
6.5760362
4.963370521
5.26493858
6.4427875
6.134033335
6.01588809
6.735321813
4.762583972
6.413106373
4.942793881
6.767647039
6.817246606
5.024059112
5.212078877
6.373557647
5.928049549
6.125865199
5.20303397
6.226956897
6.221567397
5.55631484
4.871310065
6.01254847
6.854453926
6.22785564
4.642758098
6.662547824
7.620103668
5.333468697
5.80449111
5.274081385
5.042852941
7.327910499
6.042139841
4.70017308
7.261358595
6.102245455
6.382151947
4.392824175
7.066764571
6.27210584
5.260691605
5.606702067
5.833161531
7.071957103
4.563139135
6.915098116
4.564962552
6.039729049
5.806236612
5.54750665
6.09633252
5.969500568
5.321767902
5.902591568
6.983606497
5.768418647
6.281503633
6.480075699
5.727324027
5.689009018
7.08754535
5.533212484
6.841136191
6.109682588
7.267090714
6.184461369
6.310918164
6.318624117
7.053836546
7.949496718
5.688681472
7.58609518
5.961901569
7.422919027
6.430131579
6.23627641
5.977034594
7.245268471
7.158861918
5.459377528
9.449764989
7.546046511
5.949539317
7.571419954
6.774643861
7.107920702
8.338785302
6.018332576
5.711755682
6.434036724
7.396271488
5.143401804
8.084369252
6.327253583
6.87847153
6.268803814
6.903538517
6.567108061
6.19304452
5.657611117
7.011379009
6.575804875
6.73372025
6.957750484
5.56014436
5.806730362
7.4531011
5.750745117
5.870772672
8.041007127
5.897950802
7.088967928
6.196200759
5.662175281
6.410004554
6.388825651
6.28297898
7.750145865
7.50572205
5.971328501
7.251518816
4.952563872
5.913025344
7.493029034
5.507074581
8.664996816
6.027424865
7.781400229
5.544468775
7.608859153
6.344828055
6.316901814
8.84518813
6.487742196
6.610989734
7.25726451
5.823893751
5.416513492
7.986678638
6.171305529
4.954785143
5.671168413
7.122425603
5.946642911
7.409552055
5.446169841
6.048508273
6.267664393
6.518848948
6.891921298
4.754984981
7.769188936
6.539600018
6.321759047
5.718263405
5.681338799
6.79049264
4.938810404
6.759492741
7.204543323
5.635594599
5.998582246
9.359441537
13.78270622
6.031086591
6.040544782
7.304412818
5.473129536
6.674475551
5.878609751
6.147583165
6.195186111
6.18107562
6.722645791
5.926093777
5.7076416
7.02436943
4.709491328
7.04195621
5.660895833
6.527528818
6.077196289
6.053232752
5.666986488
5.056427755
6.443036394
6.546129603
6.361562815
5.482983274
5.307403915
6.520096084
6.371208325
5.446144568
5.915457897
5.950131796
6.472267982
5.743333382
5.782452323
6.589474998
6.095795023
6.52493946
6.906189572
6.510315563
6.021743251
5.458278081
8.292435041
5.329516181
6.691737625
6.211559208
6.707186817
6.029818619
6.247709537
5.240781642
6.049264193
7.311718361
6.40840542
4.357579987
8.342916898
6.18391571
6.01288019
5.384549309
5.813897658
6.731496439
7.292067344
5.082428509
7.612333609
5.361777606
6.010934232
5.879915114
5.791154235
6.130081962
5.744301142
5.595661531
6.728716843
6.098709007
5.089539124
7.142429904
6.932829823
5.599479451
5.254960075
6.329150807
6.896373298
5.369115163
7.494070172
5.074967187
5.765119729
6.050789081
4.899634628
6.5844531
6.106809642
5.326516969
8.118073359
6.803426996
5.974489349
7.230051543
8.272651107
5.138637354
5.184278284
5.297491916
7.411884567
5.399136101
5.021423771
7.833031444
4.657568571
6.43124238
5.458353781
5.851456286
6.023355257
5.335697606
6.204390314
6.335362954
5.976826535
5.79351562
5.851524995
5.93545154
6.013045196
7.495269459
4.102253989
6.147896279
5.720591579
6.335277995
5.593054727
6.048145167
5.592319118
5.908691905
6.409838179
5.383271557
6.03684275
6.819684294
4.805299171
6.888928177
4.614553347
6.205824133
6.711122103
5.483936392
5.4701876
6.048815865
6.295602837
5.728344898
6.425157777
6.305051638
5.83382491
5.583308638
5.827425526
6.7268206
6.47264625
5.931318184
5.584296823
7.166213017
5.664717454
5.852264711
4.644616464
6.819067343
6.200997178
5.552050727
6.167001577
6.221733055
4.498779065
6.487540599
6.420169323
6.253763639
7.463044364
4.877674865
6.281037881
6.692787296
7.131773716
7.021086493
6.597147162
6.416662885
6.130431364
7.481977582
4.574649352
7.50604539
5.803718762
6.145878241
5.464197697
5.894736643
6.661334703
6.597723323
5.393889764
6.053833607
6.012793536
6.745751575
6.557423295
5.668645824
5.892829324
5.42597543
6.627701442
6.085072631
6.781577047
6.915388775
6.238854676
6.738928017
4.676252163
6.252031225
5.822450184
7.130826588
7.072935168
6.038915771
4.901992117
6.484738535
6.779982502
8.068072195
5.433677791
6.824563761
7.458578216
6.168997163
6.723940879
6.261655957
6.996175277
7.29413142
7.467955458
7.061174051
8.29017102
5.027074325
7.69575624
8.155945466
8.047231424
6.537122204
7.315072979
6.669045122
7.228294881
5.968611081
5.603048985
6.564485408
7.004431657
7.625876632
4.996666469
6.853597221
6.606420341
6.668849599
7.32523856
6.3360992
6.684417681
6.205980714
6.738360134
6.350033054
6.276222211
6.9664533
7.031730758
6.209807072
5.612791638
6.980517972
6.887859667
6.331075686
6.252366251
5.804637027
6.27329087
5.988811468
7.048404302
6.107081802
6.493486728
5.930443581
7.221093886
7.228882451
6.199484961
6.142257434
5.58376219
8.317074805
6.288595573
5.741792487
5.03421211
6.799901926
6.998059545
6.76723357
6.47276252
6.470592183
5.558627508
7.064356162
7.036906979
6.901524376
6.925088822
5.643395188
7.126428696
7.068017975
6.909084205
6.785756762
12.27768739
6.23064937
6.012576409
7.018675496
6.555776312
5.929031265
7.692703626
6.576155426
6.192624868
7.2443682
6.568162872
5.509886294
7.322866544
7.243286248
6.362853087
6.560365842
6.265709453
6.271232263
8.953405285
6.049277024
4.578692575
8.174342463
7.500911356
6.376997087
7.228150977
8.228818541
7.462274147
6.454248223
7.678801079
6.668105168
7.814010765
6.303107268
6.612243827
6.842264841
7.80359317
7.519090437
7.19849853
7.670665977
8.189815531
6.281460113
6.503147
6.618558867
5.682455491
6.930345289
4.832805687
7.827117113
6.883030764
4.766730445
8.041329079
6.176321052
6.790565263
6.052090032
8.239061646
6.672508747
5.400181293
6.785270677
4.530957354
9.020139351
5.531347101
4.758981747
6.643420672
7.114311038
7.129192039
5.412202621
7.312665054
5.536795443
7.144161952
6.671516895
6.195234629
4.848215576
8.635243478
5.636704716
5.047179547
6.324783913
6.206176928
7.069928945
5.668911464
6.320438768
6.351193553
6.226540096
7.225945047
5.790402358
5.847719894
7.000052714
6.091347034
6.48625958
7.044377843
6.375372356
5.821782927
7.094917893
6.654532627
6.24507427
5.183120178
7.95477234
5.435761013
6.386664397
6.619094204
5.866873678
7.957943387
6.578559134
7.081159072
5.77692893
6.120922236
5.990784574
4.905934057
6.2105986
8.01988036
7.790129735
5.504684329
6.413990826
6.745697103
6.753111374
6.00859585
7.807848361
5.524639237
5.954708863
7.982071938
5.006423617
6.948596111
7.615350012
5.615373392
6.74752467
7.822642294
8.48112735
6.366154275
8.655196553
4.470864512
7.229457547
8.140394856
6.919690545
8.259511019
7.422659209
5.718697822
7.018470018
7.016816987
6.732779728
6.490475574
6.518982834
7.915688843
7.563358281
6.640203507
6.250110449
7.961893477
6.292251422
7.732334972
6.784975361
6.03071874
7.382859049
7.174156406
6.419589207
6.860258904
7.493681775
6.974844347
7.616674617
6.565106151
6.917886371
7.050468356
9.381395167
6.318671653
6.544186138
7.524690378
9.014398671
6.477899861
6.912403827
7.686371775
6.055690366
7.602509377
7.51790621
6.402145078
7.310498284
6.589423762
7.183693515
8.003131009
7.284409414
6.9619371
8.002350394
6.6594907
7.193943445
7.651222731
6.648862537
8.116099405
5.818338339
6.668451408
8.659323947
6.83330119
7.289650971
7.250457114
8.423897223
6.669859814
6.900810978
7.387307395
6.381099221
6.177079068
7.679575944
8.049532324
8.496855508
7.622880477
5.933963838
7.775701782
6.419997122
7.378448743
8.03567684
6.557078225
7.987044514
6.545413483
7.610006823
6.474957743
6.321814704
7.995739428
7.474490463
5.630865216
8.009433724
8.350485778
7.108549279
5.894609849
6.711163065
6.947628894
7.454107642
6.725082175
8.455420602
6.790118248
6.476120661
7.547985474
7.373247792
7.571124853
6.982781465
7.530397888
6.945983027
8.311985471
7.373719384
6.409467238
6.688133515
6.872102729
7.108729085
7.472210349
6.372952354
6.591334067
7.775531892
8.435429719
6.306796378
8.259630445
7.71982066
6.658648858
8.364606168
6.846556388
8.685632475
7.878592145
6.796964432
6.601591337
8.477355392
7.227785717
6.324665347
7.205652661
8.732040572
7.714156734
7.261316306
7.758838876
7.987195498
7.243693506
6.271049517
9.403127097
7.78139814
8.446618026
6.445128369
6.44578236
9.934697196
6.862255664
8.747254413
8.124186211
6.280532892
7.931805947
7.609670436
7.361343043
8.840546593
8.441792826
7.987584929
9.376903445
6.898946249
7.677418389
10.28790607
7.942253501
8.047552652
8.497527842
9.042735043
6.942976299
6.444945744
11.75251991
7.108468691
9.189349404
7.854504395
8.33475606
7.785354469
8.282770154
9.163917981
7.946253956
9.572142107
9.163347843
7.95469681
9.12926789
8.307041234
9.008445554
9.015263429
8.284765017
7.806010842
8.673530346
7.393344257
7.680718995
9.121131297
7.738051213
7.880827052
9.250897707
8.420765867
8.821066761
8.593508775
8.995695825
6.541052936
9.398956183
9.546750398
11.446062
7.438394855
10.79918895
9.737768634
9.48926254
10.52956578
7.638046361
10.3777309
7.887358783
7.846289223
9.479303066
9.780807968
19.44686052
15.06705484
10.1869531
8.646990837
8.068330175
8.877431272
9.902528373
8.653335581
8.997906507
7.251400915
9.290386578
10.20963806
10.55345648
10.20354511
7.738245517
8.918187884
8.689755468
9.865414267
9.616494592
9.781498194
9.878528413
8.508386476
8.511143801
10.51128219
8.279093455
11.45962646
8.130629422
10.2223164
8.862331394
9.936539533
9.229948703
9.780858627
9.615412286
8.752598392
10.52342843
11.34821806
9.184829366
9.499420276
11.15021509
9.737366691
10.97515965
7.606395728
7.550715713
9.402854965
11.85171611
9.53855305
10.41869608
8.561791815
10.13195692
10.82877902
8.710769977
9.414307332
9.803368395
9.658334035
10.29320981
8.366146222
10.00127425
9.261582108
9.75699597
8.17623949
10.36380155
9.447366373
10.02849444
7.550326044
8.913052993
10.0588127
9.320460784
9.449213451
9.348294207
7.538063266
9.909599944
10.12706481
10.83341831
10.14484374
10.88992151
7.690578379
10.61485062
8.791593245
8.022440907
9.73041479
11.32801959
6.513348159
9.387221486
11.07823915
8.629388462
9.908695048
9.250194332
8.960843988
9.190382421
9.625358758
9.228203037
9.76632034
9.487756141
10.36688824
8.617547043
7.655565986
9.931068988
7.835844123
9.698940914
10.82515067
10.37383423
9.298326216
8.544884456
10.3159856
9.887185983
9.627073612
8.902276408
9.110164662
11.00031894
9.59297373
9.993462754
9.495417881
10.09427865
10.58126298
8.903518803
9.282380245
10.70216755
8.152790291
9.49896156
11.11754056
7.886993972
11.98713658
9.142387297
9.35879858
9.179259684
10.59384518
9.226151401
8.98341757
10.02649042
8.374111369
9.398436952
9.253833947
10.80396523
12.43296197
9.967411736
8.248378586
8.376022678
10.28183428
9.497774211
8.252468448
10.57629624
7.569282149
11.31869393
10.08919485
11.18939028
8.307418243
10.9664001
8.924597211
9.229851575
10.96355388
9.167964211
8.793682815
11.04199787
9.87856831
10.3868476
9.770030895
11.11158925
11.176968
9.373113828
8.60859245
8.565964668
11.55251197
8.938759844
9.036762064
11.14176612
8.910767386
8.418747545
10.32624432
9.613493451
10.26900006
11.19421788
9.075655698
10.57290507
10.59573755
9.490546054
9.230071858
9.218617518
10.31181825
9.280070953
10.35176864
10.7607076
10.80755669
8.592997019
8.374157041
9.124105125
8.778109357
9.793356815
11.18080201
10.07625373
9.627865325
9.796175059
9.725070401
9.492049651
10.64055436
11.04837139
9.358928066
9.211673155
9.594233711
9.924828518
10.89784091
11.61160949
10.1508453
6.261251188
9.87022995
11.11208502
11.26058996
11.14904284
7.973394335
11.10567745
11.47146055
10.09789538
10.1242576
11.04228098
10.33356919
13.73031171
18.85474497
9.609001738
13.08530504
11.79806003
8.920792712
12.85332377
8.266437229
12.92935537
9.36610868
10.11644231
10.82242796
9.372056233
11.42492324
11.19962758
8.513100237
10.97569115
10.01249629
10.62326986
10.74354362
11.21146798
10.01501578
12.46700748
10.20162678
10.11437032
12.97715395
10.85664203
9.503514782
12.98103287
10.65584558
11.93907358
12.81672254
11.14114536
11.94340631
10.7475133
10.17567953
10.95122615
10.32130228
11.44937145
10.84243648
9.401216615
13.06860514
12.61109169
10.73963172
8.323651945
12.02614702
10.79985581
9.472511636
12.78647914
12.13370334
11.33765658
12.07553028
10.54163417
10.4335773
14.1614599
10.12192842
13.47479928
10.12351391
10.92150745
13.53450336
10.65959129
9.963108917
14.63221242
13.15788798
11.32258892
13.19786892
13.00757054
11.35695641
12.67899577
13.2710448
12.19399188
13.81929694
12.36203409
15.08423955
14.46396303
13.53696281
13.72602369
14.73441686
12.62801477
15.45683707
15.24703607
10.30789749
13.55617044
17.95476883
14.19354067
13.52298461
14.60884243
15.17791297
14.32474138
14.39883381
15.7299297
12.58148354
20.03733895
11.4568512
15.34321866
14.98354202
16.02641405
15.12110824
12.42690656
17.86162943
15.690582
12.39001205
18.05196707
14.96805528
14.23727582
13.25697335
19.78923096
16.28331848
14.78645151
18.34266431
13.72031539
22.07767907
15.03242108
16.95205839
16.13261445
17.01237177
16.98785998
21.30218244
13.2327027
18.61334933
18.07961048
19.03044788
18.90781456
17.63402799
19.15894582
16.26017129
23.3688569
18.32307971
19.31276333
22.37466051
13.43544514
18.29710139
22.88301106
24.5949232
18.74296539
20.43364261
22.64649139
23.08319917
19.16897404
28.02346557
21.59288428
26.69777537
18.78297889
18.73439705
25.4268879
19.50697049
21.91576379
21.5059782
22.42676559
23.62242114
20.88296761
28.94941035
22.72216039
27.41195359
22.56262539
20.33426542
15.85238329
24.67415914
24.73749954
24.24727409
21.68198826
22.12020652
23.69285471
22.30425703
25.58918229
20.27470122
13.49563437
22.45884522
30.02098009
24.23559941
23.97597019
19.34853852
22.60699203
23.11167488
19.35633114
19.03508605
22.41443433
35.36563894
17.35624973
22.51304779
13.45207663
19.95502875
24.56084227
24.51772195
19.0790066
15.68775378
18.43114207
18.5059724
19.80138003
15.45196887
18.68298077
10.12933251
18.19974624
16.03671352
23.2148986
16.45939877
20.52624446
18.78213617
15.24895031
12.84575089
19.60333122
10.85849519
18.04332541
13.90113474
15.47494634
13.76038696
16.21877842
10.92748528
15.29430641
12.55417201
18.10961133
14.20435055
8.909447908
6.552500433
9.75006989
6.853939145
7.468970752
7.445775377
5.311304652
11.06421956
10.54272055
6.626991771
3.353384521
4.255099971
4.904169155
5.424520678
2.926532021
7.04853963
0
4.868905082
2.146893521
1.025792951
0.9593346622
3.405111682
0.4431237518
2.181206908
1.319277188
4.838143474
0.02120092338
1.425655888
1.142881395
0.4764692931
0
1.891031812
0
0.7200625867
0.5296178146
0.5476523704
0
0
0.2608517897
