#################################### 
# Matrix Size= (40,50,0.275)
# Resol      = (100,100,1)
# VoxelSize  = (0.4,0.5,0.275)
# nbVal      = 10000
#################################### 
0 0 0 4 0 5 4 1 5 6 0 5 1 4 0 2 6 7 0 5 11 12 19 8 6 18 8 22 18 28 39 12 27 94 203 478 842 1557 2146 2824 3025 3135 3211 3010 3102 3106 3271 3325 3361 3494 3394 3188 3318 3322 3124 3317 3628 3637 3272 2874 2943 2334 1585 813 347 189 142 55 29 14 39 27 34 11 17 21 14 7 22 14 3 22 7 6 5 2 7 5 3 4 1 2 0 0 0 5 0 0 0 0 
0 0 6 0 1 5 2 5 4 4 8 4 4 4 4 1 3 10 0 6 11 10 16 7 17 20 7 21 35 35 31 28 50 94 178 502 841 1579 2142 2800 2970 3161 3282 3135 3066 3087 3301 3337 3367 3504 3343 3164 3308 3355 3094 3369 3533 3606 3274 2851 2879 2323 1568 863 355 166 145 53 47 11 24 36 25 19 18 9 40 4 8 26 2 3 12 5 1 5 6 4 4 0 5 2 2 0 0 5 2 0 0 0 
0 0 0 1 5 1 5 2 5 5 8 0 2 4 5 6 9 5 0 11 3 9 11 15 29 3 11 26 41 37 23 35 59 85 194 491 858 1651 2096 2819 2986 3122 3286 3126 3084 3113 3279 3360 3390 3441 3363 3188 3298 3317 3111 3389 3511 3621 3277 2832 2887 2317 1605 858 353 183 137 86 37 21 16 39 19 10 26 13 38 10 8 21 5 0 15 3 3 0 11 6 1 0 4 3 6 0 0 1 7 0 0 0 
0 0 0 6 0 6 0 5 5 8 1 4 5 6 10 8 13 0 8 3 6 0 12 18 23 9 5 19 36 29 43 39 55 106 216 489 828 1651 2105 2813 2881 3037 3316 3153 3090 3100 3303 3376 3340 3478 3419 3222 3256 3381 3127 3415 3483 3474 3317 2842 2763 2308 1587 929 395 180 122 94 33 24 22 49 22 5 18 13 17 15 14 18 11 0 10 13 5 0 5 5 6 0 0 4 0 6 0 0 5 0 0 0 
0 0 3 0 6 4 5 1 5 0 5 0 7 19 9 9 3 0 13 0 7 5 20 25 21 13 8 17 28 30 36 50 67 100 231 501 841 1688 2125 2754 2852 3071 3302 3142 3056 3102 3314 3387 3357 3376 3411 3167 3272 3406 3167 3379 3434 3408 3326 2835 2720 2303 1564 932 439 184 122 98 31 31 17 44 32 6 11 15 4 22 2 16 14 2 4 20 8 6 0 10 4 1 0 4 6 2 4 0 0 6 0 2 
0 0 0 9 6 0 0 8 2 6 1 3 15 11 8 1 0 3 13 0 10 9 14 15 18 1 7 15 35 27 31 56 71 112 245 502 846 1717 2080 2693 2855 2999 3356 3136 3119 3101 3333 3421 3236 3385 3379 3181 3219 3373 3188 3314 3433 3412 3397 2831 2775 2270 1567 929 451 193 151 87 34 29 11 40 33 3 13 12 7 13 8 9 8 9 2 21 18 11 4 6 5 0 0 0 7 3 2 0 0 3 2 5 
0 0 9 4 0 0 3 7 3 2 6 5 13 0 5 0 0 10 7 3 12 16 20 18 8 0 8 32 29 13 42 63 51 110 272 479 918 1734 2066 2735 2812 2931 3334 3050 3150 3034 3439 3344 3235 3470 3317 3214 3112 3329 3277 3337 3365 3405 3469 2804 2684 2242 1532 955 465 197 134 107 45 22 19 45 35 12 12 9 15 3 8 4 7 9 2 8 19 7 11 0 10 2 0 0 3 9 1 0 0 0 2 0 
0 7 0 0 0 0 0 10 4 6 0 10 5 6 0 0 3 12 7 15 3 31 17 7 6 14 21 32 16 26 47 56 58 130 290 510 894 1690 2058 2777 2825 2946 3361 3073 3118 3128 3444 3233 3325 3474 3258 3227 3092 3297 3302 3298 3320 3560 3431 2798 2708 2219 1499 963 478 204 150 69 71 20 14 38 40 31 12 8 5 8 4 6 1 13 9 9 10 13 8 3 4 6 0 0 4 5 5 0 0 0 0 0 
4 0 0 0 0 0 11 2 6 0 4 8 0 5 0 9 8 13 5 9 12 31 17 3 14 2 24 29 14 31 43 58 61 113 272 542 902 1635 2078 2725 2775 2934 3348 3050 3104 3090 3339 3268 3268 3493 3302 3174 3069 3177 3351 3320 3452 3457 3425 2839 2687 2200 1489 972 479 206 147 73 50 37 23 26 27 37 10 7 5 7 4 5 9 12 5 2 14 13 6 4 0 10 0 0 3 4 7 8 0 0 0 0 
0 0 0 0 0 0 13 5 0 0 7 4 2 0 9 8 8 12 5 14 20 14 16 3 9 16 26 21 16 36 45 47 45 110 298 488 945 1588 2118 2657 2831 2990 3335 3093 3094 3167 3417 3248 3317 3477 3229 3178 3045 3176 3305 3215 3492 3406 3383 2839 2645 2147 1513 977 508 230 113 75 45 38 23 28 31 25 14 19 5 5 10 7 5 24 5 2 16 13 12 5 0 4 4 0 0 6 6 8 3 0 1 3 
0 0 0 0 0 5 3 0 0 1 5 0 4 3 9 2 13 4 7 14 17 13 5 0 11 14 20 8 17 40 42 38 63 111 326 530 998 1646 2134 2643 2792 3053 3288 3137 3087 3162 3351 3279 3303 3537 3232 3177 3089 3192 3292 3153 3492 3351 3353 2854 2578 2156 1563 959 516 237 121 68 40 38 23 18 21 26 21 23 11 5 1 7 4 10 19 4 7 17 22 6 0 0 0 0 0 0 3 5 10 0 0 3 
0 0 0 0 0 4 0 0 0 0 5 2 0 5 5 9 17 7 8 10 18 14 0 2 17 13 25 9 17 43 43 43 63 123 313 543 1040 1630 2046 2529 2760 3156 3224 3086 3065 3178 3367 3221 3288 3538 3263 3214 3128 3164 3284 3110 3456 3348 3263 2885 2591 2129 1537 963 534 253 149 79 25 49 34 23 10 44 25 14 15 10 5 13 12 4 19 13 10 19 8 18 5 0 0 0 0 0 0 6 4 7 0 0 
0 0 0 0 1 5 0 0 0 0 7 5 3 5 4 19 8 3 10 6 19 6 6 12 28 13 28 9 21 45 37 67 61 134 370 550 987 1670 2023 2564 2753 3057 3311 3048 3100 3124 3270 3178 3324 3523 3234 3215 3164 3197 3255 3157 3393 3336 3274 2894 2530 2070 1511 979 541 284 145 77 30 38 34 25 16 21 39 13 10 7 0 4 16 1 13 10 5 16 7 4 6 0 0 0 0 0 0 0 6 6 0 0 
0 0 0 0 5 0 0 0 0 6 5 0 2 7 8 2 5 2 11 12 12 9 5 14 19 14 13 21 38 29 33 70 85 128 367 523 1005 1654 2013 2478 2729 3023 3205 3050 3092 3140 3307 3186 3244 3543 3167 3187 3137 3221 3258 3223 3415 3262 3197 2861 2498 2043 1452 1066 528 296 131 76 49 36 42 34 19 20 27 18 18 6 5 12 2 15 9 10 4 5 12 0 12 0 0 0 0 0 0 0 10 2 3 0 
0 0 0 0 5 0 0 3 0 10 2 2 0 7 5 5 6 1 10 21 10 1 9 15 22 14 8 18 48 13 45 71 98 163 363 576 1024 1614 2003 2543 2725 2979 3182 3050 3108 3116 3256 3194 3235 3494 3235 2991 3110 3294 3187 3316 3382 3173 3266 2859 2480 2001 1443 1068 549 307 133 51 50 19 36 28 20 7 21 26 16 5 9 5 12 11 4 7 7 5 11 5 5 12 0 0 0 0 0 0 2 6 6 0 
0 0 0 4 6 1 1 5 0 10 3 5 7 9 0 0 4 15 21 26 6 3 9 16 23 11 14 26 31 16 66 66 127 151 393 547 1073 1565 1953 2467 2761 3009 3258 3077 3110 3127 3247 3113 3231 3530 3228 3094 3057 3293 3102 3348 3352 3124 3154 2818 2454 2046 1448 1048 555 295 135 61 49 32 14 30 33 15 23 18 11 10 12 0 10 5 9 0 2 3 10 9 1 23 0 0 0 0 0 0 0 4 2 5 
0 0 0 5 6 0 3 0 6 1 3 3 7 3 2 3 10 13 28 18 11 5 14 16 22 20 29 21 20 13 63 60 112 156 413 560 1094 1560 1899 2470 2718 3018 3294 3100 3130 3117 3205 3073 3251 3487 3252 3132 2966 3310 3189 3329 3308 3153 3125 2751 2460 2055 1479 1070 589 306 138 79 58 43 31 31 31 24 22 27 13 5 3 9 9 7 4 5 0 0 4 7 6 7 16 0 0 0 0 0 0 0 5 5 
0 0 2 8 3 0 0 0 5 0 5 0 13 0 12 2 6 23 26 15 10 6 13 37 15 17 24 34 14 40 50 60 108 172 388 589 1053 1570 1895 2522 2698 3062 3243 3120 3075 3165 3104 3121 3258 3474 3179 3126 2971 3226 3194 3337 3331 3191 2999 2703 2463 2093 1500 1062 593 353 176 82 58 41 35 30 36 25 19 6 23 9 0 13 7 9 10 3 0 1 0 8 4 0 18 3 0 0 0 0 0 0 6 3 
0 0 1 8 0 0 0 0 6 7 0 7 8 7 8 0 8 20 3 17 3 12 24 35 6 16 19 41 29 62 48 74 106 179 403 605 1092 1537 1882 2525 2667 3001 3202 3187 3060 3167 3112 3120 3208 3513 3114 3137 3031 3171 3166 3353 3283 3188 2991 2678 2479 2094 1431 1099 577 346 204 108 40 29 49 33 23 21 26 7 12 11 7 9 6 11 11 8 4 4 3 7 4 0 7 7 0 0 0 0 4 0 0 11 
0 0 4 2 0 0 0 3 4 2 0 5 0 12 4 6 6 14 11 17 5 17 21 32 6 27 13 49 33 70 29 78 105 243 402 626 1052 1606 1883 2522 2663 2962 3189 3222 3029 3251 3094 3048 3228 3561 3145 3160 3031 3143 3219 3255 3209 3271 2990 2626 2464 2033 1414 1129 604 319 236 115 31 30 33 45 20 33 20 17 9 8 8 10 14 12 3 11 0 0 6 6 1 2 0 11 1 0 0 0 3 1 0 8 
0 0 2 0 0 0 0 5 1 0 0 5 5 6 13 5 9 4 14 21 9 22 14 27 11 30 20 48 38 74 27 65 141 250 440 655 1065 1557 1893 2448 2773 2989 3155 3186 3026 3187 3117 3134 3209 3549 3107 3262 2979 3071 3255 3252 3186 3271 2939 2664 2437 2082 1420 1141 626 323 222 119 46 35 36 39 16 24 29 20 7 8 9 7 15 13 11 10 5 3 5 0 5 0 0 1 6 0 0 0 0 6 0 2 
0 2 2 0 0 0 0 6 0 0 3 2 8 5 10 5 5 0 22 11 8 26 22 13 13 23 34 42 68 60 50 61 137 262 437 664 1067 1499 1908 2359 2767 3028 3124 3173 3014 3129 3051 3063 3278 3478 3143 3252 2973 3048 3270 3192 3149 3201 2904 2691 2416 1980 1411 1152 693 340 236 114 50 32 22 52 12 23 31 15 5 10 15 4 15 8 14 5 6 3 2 4 5 0 0 0 5 0 0 0 0 3 3 0 
0 5 0 0 0 0 2 3 0 0 5 0 9 7 6 5 4 6 23 0 17 27 26 8 24 13 34 16 69 74 58 58 135 258 415 666 1030 1531 1893 2309 2792 3017 3033 3166 3024 3060 3022 3071 3228 3467 3059 3206 2967 3110 3184 3329 3102 3215 2912 2725 2348 1975 1436 1198 695 369 217 143 68 24 28 44 21 18 30 29 10 8 12 15 21 6 9 9 4 0 0 0 6 0 0 0 1 4 0 0 2 0 5 0 
2 4 0 0 1 0 5 0 0 0 5 4 4 6 11 3 6 14 19 2 21 15 23 6 17 11 36 30 73 66 51 72 127 314 420 675 1023 1533 1927 2254 2769 3048 2967 3087 3060 3020 2980 3123 3248 3435 3143 3087 3069 3175 3083 3256 3215 3197 2950 2717 2322 1931 1465 1185 717 366 199 153 105 25 37 30 28 25 21 23 29 6 13 14 10 10 4 17 9 0 0 1 0 6 0 0 0 7 0 0 5 0 4 1 
6 2 0 0 5 0 5 0 0 4 2 0 0 8 8 8 9 18 5 8 19 14 15 11 13 26 33 37 60 57 61 80 130 310 438 683 1058 1503 1868 2300 2769 2949 2870 3208 3003 3111 2890 3079 3225 3330 3110 3068 3086 3133 3125 3166 3186 3096 2967 2754 2293 1904 1490 1200 728 435 198 164 100 48 25 36 29 28 20 15 42 3 9 20 6 17 5 11 8 4 0 2 3 10 2 0 0 4 7 0 3 4 0 5 
3 5 0 0 0 0 6 1 0 1 0 0 5 6 8 11 9 12 1 14 13 8 20 26 15 35 35 41 48 69 49 84 129 331 414 675 1014 1489 1904 2265 2819 2914 2920 3165 3045 3141 2979 3064 3228 3319 3112 3064 3082 3131 3191 3154 3089 3129 2994 2804 2317 1861 1500 1176 776 413 207 165 90 73 35 42 24 29 28 11 18 15 5 30 6 18 4 7 17 8 3 0 7 5 5 0 0 0 10 0 0 5 0 0 
5 0 0 0 0 4 0 5 0 0 1 5 5 2 2 14 13 10 6 11 15 10 13 22 20 41 19 41 61 52 62 102 128 345 404 636 1027 1492 1969 2260 2804 2918 2845 3159 2964 3222 2871 3137 3113 3337 3161 3050 3114 3123 3249 3148 3023 3034 3016 2685 2362 1800 1509 1134 844 428 217 137 96 71 37 47 18 26 30 15 12 16 8 22 9 13 11 6 12 9 4 2 6 13 7 0 0 0 2 10 0 1 2 0 
1 0 0 0 0 5 0 5 0 0 1 0 7 0 4 21 9 9 18 10 7 16 18 23 15 41 10 37 57 49 65 103 156 353 387 626 1088 1500 1897 2242 2719 2880 2891 3093 2946 3267 2907 3152 3048 3380 3133 3022 3126 3156 3180 3129 2998 2903 2988 2529 2301 1820 1432 1128 844 430 232 133 86 66 38 52 31 22 21 13 21 13 7 6 21 15 15 2 14 12 4 3 0 13 8 5 0 0 0 9 2 0 0 0 
0 0 0 0 0 5 4 1 0 0 0 0 8 0 13 18 3 11 13 15 14 14 7 26 22 25 17 40 53 47 74 85 200 351 388 624 1058 1488 1850 2293 2749 2764 2900 3060 2912 3196 2982 3021 3074 3277 3082 3152 3073 3103 3205 3072 3003 3013 2948 2546 2341 1855 1404 1114 821 441 241 137 92 45 50 23 37 25 33 18 13 24 8 5 17 7 24 3 5 6 10 0 0 7 18 6 0 0 0 0 11 0 0 0 
0 0 0 0 4 2 5 0 5 0 0 6 4 0 14 9 11 7 10 24 14 9 12 33 34 9 17 48 36 66 77 94 227 305 428 636 1055 1400 1834 2270 2785 2635 2892 3043 2930 3269 3059 3101 3104 3192 3076 3154 3158 3097 3126 3028 2999 2979 2902 2532 2338 1873 1350 1169 773 475 246 159 77 46 32 30 25 19 33 25 7 24 13 0 10 14 8 14 6 11 11 0 0 5 14 17 4 5 2 0 7 4 0 0 
0 0 0 0 2 1 4 1 7 0 3 10 0 0 23 10 11 12 12 21 19 6 13 42 26 16 23 39 47 56 79 106 222 284 469 620 1030 1394 1799 2278 2798 2693 2968 3103 2933 3242 3006 3064 3015 3196 3077 3104 3122 3093 3130 3098 2940 2895 2840 2472 2286 1900 1341 1138 779 422 250 171 71 65 47 43 26 23 22 23 12 12 17 0 4 18 4 20 9 10 1 10 0 1 14 16 6 0 9 11 0 11 0 0 
0 0 0 0 0 0 0 13 1 4 9 0 0 7 16 7 18 8 14 21 20 10 17 19 25 12 42 43 38 54 92 115 221 310 486 613 1021 1411 1819 2280 2727 2656 3022 3025 2875 3125 2965 3027 2978 3276 3136 3060 3025 3123 3166 2983 2938 2897 2858 2494 2245 1892 1368 1114 775 406 219 181 97 60 76 36 20 33 19 24 11 12 18 10 1 16 6 19 17 6 0 10 1 4 6 17 10 0 0 0 0 5 6 0 
0 0 0 0 0 0 0 10 2 4 1 2 0 15 7 12 18 10 17 21 5 6 17 17 24 21 35 33 28 59 103 99 205 293 447 645 1037 1369 1804 2279 2693 2599 3029 2985 3014 3207 2975 2993 2959 3222 3089 3027 3042 3203 3070 3012 2810 2861 2792 2435 2165 1903 1356 1081 800 393 247 161 112 63 60 39 28 43 31 10 13 20 40 5 3 13 20 12 20 2 4 4 5 0 0 17 4 4 0 0 0 0 8 3 
0 0 0 0 2 0 8 3 0 0 6 0 0 22 6 20 16 3 24 8 11 2 9 18 16 27 32 27 46 48 126 91 195 307 446 685 1045 1380 1816 2209 2697 2609 3005 2920 2986 3179 2942 2989 3020 3087 3165 3137 2939 3143 3056 2914 2826 2849 2747 2408 2150 1913 1366 1096 790 400 285 144 113 81 52 43 36 26 34 20 9 24 10 25 7 13 28 4 16 7 4 11 11 1 1 5 1 2 0 0 0 0 7 5 
0 0 0 6 0 0 11 0 0 0 5 0 6 13 13 15 1 2 18 11 5 0 6 5 16 20 39 31 64 56 86 104 201 290 463 706 1106 1350 1774 2191 2574 2656 3170 2790 3001 3232 2958 3065 2944 3041 3265 3158 2926 3183 3024 2894 2809 2723 2687 2500 2099 1917 1347 1106 813 399 274 123 95 92 49 42 29 28 31 22 17 10 22 16 6 6 31 5 11 15 5 1 13 7 0 6 6 0 0 0 0 0 3 13 
0 0 0 0 0 8 3 0 0 11 5 0 13 4 14 5 0 0 11 15 2 0 9 6 24 11 34 45 50 55 58 115 186 312 430 685 1077 1371 1772 2102 2528 2680 3109 2826 3009 3162 2980 3013 2968 3048 3200 3104 2947 3167 3076 2854 2763 2674 2696 2546 2069 1998 1297 1152 799 406 331 146 94 88 46 27 26 19 33 24 13 11 26 10 14 4 13 27 5 5 11 0 11 4 1 5 5 0 0 0 4 0 0 5 
0 0 0 0 0 10 0 0 1 14 0 0 12 9 6 2 0 4 9 22 0 0 8 14 20 7 51 48 31 57 65 105 191 329 418 726 1120 1389 1722 2055 2520 2730 3173 2830 3007 3187 3055 3013 2905 3040 3112 3065 2953 3103 2950 2864 2738 2679 2667 2576 2032 1987 1332 1182 755 436 284 169 89 93 52 35 37 20 24 28 10 18 12 7 19 13 12 22 20 5 8 1 2 8 5 4 4 5 0 0 0 6 0 0 
0 0 2 0 8 4 0 0 7 9 0 0 6 20 8 0 0 12 17 13 0 3 9 18 12 19 47 46 39 47 67 137 205 367 413 744 1161 1310 1763 2034 2408 2824 3134 2866 3069 3138 3025 3061 2953 3054 3100 3184 2979 3135 2855 2745 2871 2656 2555 2597 2031 1989 1259 1179 766 460 282 188 82 101 71 28 42 26 17 22 8 9 12 20 18 17 5 18 28 14 0 6 0 8 5 0 6 0 6 0 0 0 0 0 
0 0 6 2 8 0 0 0 15 1 0 1 16 21 2 0 0 16 19 5 0 5 15 21 5 32 25 35 45 50 103 132 186 385 431 744 1114 1294 1735 2038 2416 2700 3059 2796 3022 3194 2993 3044 2933 2996 3054 3227 2837 3060 2772 2819 2878 2698 2628 2586 1991 2032 1313 1144 762 475 290 211 73 106 54 40 40 18 32 12 6 10 12 19 16 11 3 10 20 17 6 8 8 7 0 5 5 0 3 3 0 0 0 0 
0 1 4 6 5 0 0 0 14 0 0 6 18 14 0 0 1 14 25 1 1 5 14 18 4 31 14 40 48 61 115 117 216 398 440 734 1112 1378 1778 2022 2438 2718 3000 2695 3070 3169 2918 3072 2872 3051 3076 3242 2782 3153 2831 2751 2883 2705 2682 2505 1956 2075 1322 1097 776 476 285 229 102 85 63 60 35 18 39 13 9 9 19 10 17 15 2 9 3 25 16 3 7 10 6 10 5 1 0 5 0 0 0 0 
0 5 3 5 4 0 0 4 4 0 0 5 26 6 0 0 14 2 22 12 8 5 19 21 6 36 29 41 36 76 94 117 224 406 436 746 1141 1434 1770 2017 2423 2684 2972 2678 2989 3102 3007 3009 2728 2988 3079 3207 2815 3172 2885 2753 2925 2797 2690 2516 1920 2067 1371 1038 779 463 288 218 123 65 70 47 46 11 25 37 19 3 19 15 10 21 8 13 2 29 10 7 5 14 7 5 3 4 0 1 4 0 0 0 
0 5 6 6 4 0 0 6 6 0 0 21 15 5 0 3 17 10 24 3 15 8 19 14 12 29 57 38 58 58 78 138 231 380 466 744 1124 1403 1710 2024 2420 2690 2915 2723 3018 3088 2959 3005 2765 2973 3033 3188 2707 3156 2885 2731 2962 2783 2678 2476 1923 2076 1425 1019 786 446 282 211 119 82 79 55 53 24 9 47 29 0 5 36 14 20 12 13 8 14 15 2 10 11 19 0 4 8 0 0 5 0 0 0 
7 7 1 0 6 0 0 4 2 0 3 18 6 6 3 5 21 26 10 7 10 17 14 7 16 31 79 27 50 57 93 138 254 364 481 810 1121 1395 1727 2004 2337 2669 2791 2779 2906 2971 3046 3036 2722 2951 3005 3211 2729 3092 2914 2711 2934 2813 2725 2398 1913 2018 1496 1060 821 470 271 194 130 96 62 55 45 49 3 49 37 3 5 22 25 16 10 20 8 11 19 0 10 8 14 16 0 1 0 0 0 0 0 0 
5 8 0 2 3 0 0 1 0 0 9 13 6 0 9 15 5 29 1 23 8 18 28 2 24 74 44 35 48 56 83 154 223 425 433 786 1072 1404 1685 2023 2291 2686 2746 2885 2930 2863 3149 2937 2691 2931 2978 3138 2750 3074 2943 2815 2868 2850 2706 2353 1848 1984 1467 1061 847 521 296 198 150 84 60 46 48 49 16 35 42 18 10 8 25 27 11 11 13 15 26 2 6 9 12 16 4 0 0 2 0 0 0 0 
6 6 0 5 0 0 4 1 0 0 15 5 6 5 8 18 10 22 4 19 6 17 18 10 31 75 43 53 23 63 107 177 228 458 456 764 1129 1411 1663 2142 2317 2613 2813 2916 2917 2866 3167 2873 2790 2825 3016 3055 2775 3093 2888 2749 2792 2782 2740 2382 1854 1976 1475 1005 820 498 300 224 137 89 51 46 56 59 16 27 32 24 6 1 17 17 19 10 12 10 19 8 0 6 11 15 13 0 0 0 3 0 0 0 
12 0 0 5 0 5 3 4 0 4 9 2 5 5 5 9 11 2 11 5 8 22 8 24 43 32 48 46 24 87 86 214 254 408 465 741 1124 1396 1599 2111 2312 2535 2782 2914 2987 2855 3213 2916 2738 2744 3035 2995 2651 3092 2940 2834 2870 2745 2734 2260 1791 1959 1466 1023 789 521 334 229 157 122 52 37 25 52 30 17 20 33 18 3 13 13 15 15 4 8 19 22 0 5 6 14 5 8 0 0 0 0 0 0 
1 0 0 5 0 1 0 0 1 10 0 4 1 5 10 8 12 0 17 7 6 21 11 21 39 41 52 40 19 70 83 192 292 418 508 733 1123 1346 1588 2060 2274 2528 2793 2882 2973 2746 3201 2982 2793 2719 3000 3036 2639 3046 2964 2814 2835 2726 2692 2268 1798 1993 1416 990 786 544 350 224 173 120 69 55 18 53 48 8 31 31 16 15 2 15 9 11 12 7 12 11 13 10 0 16 4 9 7 0 0 0 4 0 
0 0 4 1 0 0 0 3 5 5 0 6 0 5 12 13 8 8 16 2 10 20 14 15 45 44 43 25 36 62 101 247 288 412 522 775 1130 1331 1555 2056 2290 2519 2827 2848 2975 2743 3131 2918 2844 2701 2928 3010 2716 2972 3026 2836 2813 2647 2548 2281 1796 2025 1423 943 823 526 316 223 171 143 66 51 19 28 62 27 29 15 13 23 13 10 5 5 30 5 3 6 15 6 4 2 9 1 3 2 0 0 0 0 
0 0 5 0 0 0 0 6 4 12 0 5 0 9 8 11 11 10 14 3 5 13 17 38 32 21 35 27 43 67 141 220 328 418 533 817 1108 1352 1528 2033 2292 2553 2824 2885 2950 2776 3111 2867 2777 2627 2995 2888 2757 3000 3006 2867 2764 2661 2451 2305 1834 2033 1427 957 812 508 310 196 187 153 75 59 30 30 71 27 27 9 20 14 17 6 0 1 17 8 0 5 7 14 4 0 5 5 6 5 0 0 0 0 
0 0 5 0 0 0 5 0 5 4 5 0 4 11 6 17 10 11 12 13 12 15 21 28 34 34 27 23 67 64 169 201 328 432 520 800 1097 1307 1614 1940 2239 2536 2797 2856 2875 2780 2986 2862 2751 2728 2947 2987 2783 3019 2958 2966 2747 2796 2478 2301 1854 1943 1387 965 838 521 303 222 193 152 92 58 41 24 48 38 24 9 14 8 20 14 10 4 1 21 0 5 0 15 6 0 2 10 3 8 0 0 0 0 
0 2 3 0 0 0 7 0 11 2 5 0 5 11 14 16 6 13 20 16 13 23 8 46 33 22 28 25 60 94 143 205 310 420 539 803 1114 1309 1649 1885 2228 2568 2730 2777 2906 2750 2944 2806 2784 2716 2824 2954 2802 3081 2953 2966 2602 2823 2505 2254 1832 1868 1434 1022 824 524 306 247 200 130 120 78 36 30 36 43 22 19 10 12 10 13 15 11 0 15 10 2 0 5 10 0 0 0 9 5 5 0 0 0 
0 6 0 0 2 10 4 1 4 6 0 0 0 18 14 24 5 13 26 7 31 12 23 39 21 14 21 49 68 103 120 238 304 409 547 823 1072 1352 1657 1909 2280 2501 2722 2693 2856 2767 2917 2868 2748 2692 2812 2943 2818 2978 2859 2899 2589 2818 2424 2203 1821 1823 1462 1018 788 538 250 270 214 132 110 53 43 44 31 42 27 33 12 12 9 9 12 17 0 5 16 7 0 0 10 5 0 0 10 4 6 0 0 0 
0 5 0 0 7 9 0 6 4 2 0 0 2 14 16 18 17 14 24 16 17 2 30 35 11 18 15 51 82 76 117 252 305 368 551 811 1009 1377 1657 1891 2281 2451 2585 2731 2728 2805 3038 2949 2756 2727 2837 2946 2861 2869 2855 2906 2646 2702 2432 2152 1793 1781 1448 1039 769 512 258 258 211 155 103 59 39 31 31 26 30 28 25 6 12 17 6 17 11 0 15 21 0 4 4 11 0 0 3 12 13 0 0 0 
2 4 0 0 5 5 0 8 8 0 0 0 10 10 10 29 11 16 6 16 9 3 25 30 21 15 17 70 55 67 134 230 326 348 570 820 1078 1368 1649 1908 2203 2463 2538 2807 2668 2733 3064 2941 2754 2880 2809 2866 2901 2903 2831 2842 2668 2624 2370 2207 1773 1779 1421 1121 701 556 256 250 230 124 117 47 24 36 25 19 36 25 21 23 14 26 7 13 16 8 8 10 9 4 1 12 5 0 0 12 11 4 0 0 
5 0 0 2 6 1 8 9 2 0 0 10 13 10 16 28 11 13 6 16 7 16 33 36 22 14 50 54 47 63 175 253 280 369 599 865 1031 1333 1595 1905 2155 2477 2430 2733 2712 2741 2952 2816 2723 2832 2779 2853 2807 2904 2828 2753 2676 2555 2359 2154 1748 1784 1353 1150 750 539 283 259 228 143 96 67 20 39 27 28 33 28 28 31 15 21 18 5 13 10 11 0 15 0 6 4 14 4 0 4 10 10 0 0 
5 0 0 0 7 0 12 12 0 0 4 13 2 4 17 3 12 5 10 19 13 18 29 25 15 23 46 51 40 83 175 237 248 389 574 886 984 1386 1585 1865 2143 2442 2366 2804 2731 2707 2874 2708 2748 2889 2826 2778 2734 2905 2797 2715 2664 2540 2361 2052 1798 1833 1312 1142 710 553 295 257 213 157 97 78 46 27 32 42 27 31 37 33 20 15 26 8 14 8 6 2 12 5 5 0 9 5 6 0 9 11 0 0 
5 0 0 3 14 3 14 1 0 4 11 1 5 1 16 6 8 7 10 24 18 16 28 18 13 44 48 46 61 92 179 235 257 407 572 859 980 1317 1520 1757 2081 2447 2408 2720 2844 2692 2856 2614 2629 2953 2797 2707 2693 2846 2775 2645 2645 2561 2372 2033 1777 1740 1302 1165 683 543 327 277 205 145 102 63 55 37 30 44 17 27 43 25 19 18 21 17 13 3 2 0 7 9 0 5 0 6 7 4 1 9 1 0 
2 0 0 5 6 5 6 0 0 9 3 1 4 12 12 5 7 9 11 22 20 13 17 18 11 58 46 35 79 91 166 246 244 465 556 865 926 1297 1550 1675 2117 2375 2422 2669 2779 2641 2855 2607 2570 2992 2831 2761 2715 2785 2838 2667 2673 2444 2330 2083 1740 1673 1316 1094 704 545 351 296 194 167 114 70 52 30 27 28 30 20 28 28 14 17 33 15 16 3 0 1 7 4 0 6 0 3 5 10 0 0 3 0 
0 0 3 8 0 9 3 0 0 14 3 7 0 11 1 2 4 14 30 23 14 13 11 27 29 52 44 41 80 87 175 226 265 467 562 896 905 1275 1538 1804 2076 2269 2544 2568 2763 2622 2761 2670 2606 2940 2877 2719 2689 2717 2770 2588 2667 2317 2242 2137 1757 1640 1265 1077 740 600 374 318 213 132 121 59 47 36 17 30 27 23 16 28 29 12 24 22 5 15 0 0 13 9 0 0 0 5 3 6 0 0 2 0 
0 0 6 5 0 10 0 0 11 7 7 5 5 5 0 0 12 5 32 14 7 15 6 32 36 36 54 38 88 93 174 216 277 455 609 872 931 1314 1457 1815 2143 2268 2397 2552 2723 2669 2748 2623 2689 2880 2752 2818 2819 2657 2853 2575 2679 2272 2295 2103 1781 1642 1256 1073 713 608 426 308 226 145 107 63 43 27 24 26 25 28 25 20 20 25 11 24 2 16 0 3 0 5 5 0 2 4 4 6 0 0 2 0 
1 5 0 5 1 10 3 0 11 0 5 0 6 5 0 1 15 21 25 8 11 20 20 18 39 36 49 54 77 85 171 203 317 432 614 878 909 1342 1463 1834 2212 2204 2430 2424 2775 2594 2863 2686 2627 2808 2813 2896 2768 2639 2840 2662 2654 2148 2302 2047 1701 1646 1281 1069 700 578 483 289 233 160 90 72 33 31 24 35 29 19 28 22 21 17 11 6 6 17 0 2 3 0 3 0 2 5 0 10 0 0 0 0 
0 5 2 3 0 9 0 0 10 2 4 0 0 6 0 6 8 39 19 3 13 12 23 18 30 20 49 57 78 78 158 254 305 437 628 878 903 1310 1451 1821 2229 2196 2301 2406 2715 2563 2839 2720 2590 2760 2721 2751 2913 2668 2802 2682 2624 2246 2266 1984 1651 1607 1228 1033 739 520 475 263 267 162 88 77 26 55 30 15 41 28 27 21 12 18 18 6 1 10 0 3 5 0 1 0 0 1 0 5 6 0 0 0 
2 3 6 0 0 1 0 6 0 3 1 0 2 1 0 5 8 16 11 6 3 15 26 17 27 23 61 57 56 87 170 217 335 423 589 806 908 1275 1495 1812 2061 2224 2223 2402 2653 2504 2846 2641 2548 2829 2683 2746 2971 2649 2678 2640 2589 2272 2259 1971 1677 1679 1202 1021 747 596 433 268 234 183 119 60 32 35 43 12 27 33 21 21 16 14 24 4 5 7 2 2 5 3 5 0 0 0 0 0 11 0 0 0 
6 0 4 0 0 0 0 4 0 3 3 0 0 0 0 5 11 7 5 5 0 10 17 25 18 20 63 70 63 78 186 208 359 440 596 765 965 1248 1488 1914 2007 2151 2223 2326 2567 2450 2700 2503 2400 2752 2639 2581 2980 2593 2607 2512 2593 2250 2181 1898 1581 1644 1195 1044 725 515 386 263 220 191 120 63 18 29 25 24 27 29 19 17 2 7 16 15 6 2 9 3 6 3 4 0 0 0 0 0 8 0 0 0 
0 0 5 0 0 0 0 4 0 6 0 0 0 0 0 5 13 5 4 2 3 9 17 15 13 31 54 71 67 93 152 198 333 422 586 742 934 1102 1495 1846 1864 2101 2222 2312 2428 2366 2467 2350 2296 2562 2475 2455 2713 2477 2515 2443 2506 2204 2057 1805 1456 1592 1161 1028 654 567 389 266 181 182 117 62 15 29 26 31 16 18 9 9 8 7 16 9 0 3 6 3 4 0 0 0 0 0 0 0 0 0 0 0 
0 0 3 0 0 0 0 0 0 5 0 0 0 0 0 5 0 5 4 0 0 10 14 1 6 48 35 69 55 74 159 199 295 442 526 649 849 1011 1442 1561 1661 1835 2038 2048 2109 2127 2109 2158 2086 2220 2129 2362 2418 2106 2206 2103 2202 1905 1791 1647 1388 1438 1040 966 661 508 332 263 165 152 94 64 30 8 21 26 9 11 8 8 6 7 8 13 0 0 5 0 6 0 0 0 0 0 0 0 0 0 0 0 
0 0 0 0 0 0 0 0 0 5 0 0 0 0 3 2 0 3 2 0 0 9 5 0 5 29 31 55 27 62 136 190 260 388 411 590 730 922 1225 1277 1430 1586 1748 1626 1658 1633 1607 1670 1666 1721 1570 1731 1964 1649 1877 1661 1810 1542 1388 1324 1187 1298 900 803 646 445 306 242 136 150 81 32 33 3 13 26 9 5 10 0 5 0 9 6 0 0 3 0 6 0 0 0 0 0 0 0 0 0 0 0 
0 0 0 0 0 0 0 0 0 4 0 0 0 0 8 0 0 5 0 0 0 5 0 0 5 14 39 52 24 72 120 180 224 311 324 495 579 745 988 964 974 1114 1220 1110 1120 1081 1026 1088 1094 1137 971 1178 1199 1096 1257 1172 1330 1091 988 967 824 1025 687 615 477 366 255 219 131 130 52 37 20 14 11 14 16 0 9 0 0 0 9 4 0 0 0 0 0 0 0 0 0 0 0 0 0 0 0 0 
0 0 0 0 0 0 0 0 0 0 0 0 0 0 0 0 0 0 0 0 0 0 0 0 15 2 36 24 25 54 105 131 158 230 253 386 454 506 652 663 677 718 713 631 660 645 526 610 571 528 554 642 640 587 701 767 798 641 713 639 506 714 444 427 341 295 197 168 103 89 32 14 20 6 0 7 16 0 0 3 0 0 5 6 0 0 0 0 0 0 0 0 0 0 0 0 0 0 0 0 
0 0 0 0 0 0 0 0 0 0 0 11 0 0 0 0 0 5 0 0 0 0 0 0 7 0 11 21 16 21 86 82 101 97 196 272 267 287 414 383 321 354 386 316 275 261 248 326 254 194 234 264 291 231 353 332 386 337 377 322 270 370 311 259 166 156 91 76 72 47 13 5 12 7 0 0 15 0 0 0 0 0 0 5 0 0 0 0 0 0 0 0 0 0 0 0 0 0 0 0 
0 0 0 0 0 0 0 0 0 0 0 0 0 0 0 0 0 0 0 0 0 0 0 0 0 0 0 22 5 21 30 19 27 55 106 121 87 129 162 171 81 162 176 90 88 113 72 95 55 42 89 83 46 81 93 118 164 149 196 137 142 174 171 144 91 93 52 18 27 10 0 3 9 0 0 0 6 0 0 0 0 0 0 5 0 0 0 0 0 0 0 0 0 0 0 0 0 0 0 0 
0 0 0 0 0 0 0 0 0 0 0 1 0 0 0 0 0 0 0 0 0 0 0 0 0 0 3 7 6 11 4 10 8 23 46 39 14 64 42 51 30 52 25 32 26 39 16 31 21 9 17 29 0 35 20 27 77 63 54 62 43 61 75 66 27 32 39 5 5 0 6 5 0 0 0 0 0 0 0 0 0 0 0 6 0 0 0 0 0 0 0 0 0 0 0 0 0 0 0 0 
0 0 0 0 0 0 0 0 0 0 0 5 0 0 0 0 0 0 0 0 0 0 0 0 0 0 1 0 0 0 0 0 0 12 43 9 7 20 16 27 9 8 4 9 6 5 1 0 9 0 4 0 0 0 0 0 15 5 23 21 10 2 36 19 3 14 18 0 2 0 0 2 0 0 0 0 0 0 0 0 0 0 0 0 0 0 0 0 0 0 0 0 0 0 0 0 0 0 0 0 
0 0 0 0 0 0 0 0 0 0 0 5 0 0 0 0 0 0 0 0 0 0 0 0 0 0 0 0 0 4 0 0 0 0 8 0 0 0 0 3 0 0 0 5 0 0 0 0 0 0 0 0 0 0 0 3 2 5 7 5 0 0 7 13 0 0 0 0 0 0 0 0 0 0 0 0 0 0 0 0 0 0 0 0 0 0 0 0 0 0 0 0 0 0 0 0 0 0 0 0 
0 0 0 0 0 0 0 0 0 0 0 6 0 0 0 0 0 0 0 0 0 0 0 0 0 0 0 0 0 1 0 0 0 0 0 0 0 0 0 0 0 0 0 0 0 0 0 0 0 0 0 0 0 0 0 0 0 0 0 6 0 0 0 5 0 0 0 0 0 0 0 0 0 0 0 0 0 0 0 0 0 0 0 0 0 0 0 0 0 0 0 0 0 0 0 0 0 0 0 0 
0 0 0 0 0 0 0 0 0 0 2 2 0 0 0 0 0 0 1 0 0 0 0 0 0 0 0 0 0 0 0 0 0 0 0 0 0 0 0 0 0 0 0 0 0 0 0 0 0 0 0 0 0 0 0 0 0 0 0 0 0 0 0 1 0 0 0 0 0 0 0 0 0 0 0 0 0 0 0 3 3 0 0 0 0 0 0 0 0 0 0 0 0 0 0 0 0 0 0 0 
0 0 0 0 0 0 0 3 0 0 6 1 4 0 0 0 0 0 0 0 0 0 0 0 0 0 0 0 0 0 0 0 0 0 0 0 0 0 0 0 0 0 0 0 0 0 0 0 0 0 0 0 0 0 0 0 0 0 0 0 0 0 0 0 0 0 0 0 0 0 0 0 0 0 0 0 0 0 0 0 0 0 0 0 0 0 0 0 0 0 0 0 0 0 0 0 0 0 0 0 
0 0 0 0 0 0 0 0 0 0 3 0 0 0 0 0 0 0 0 0 0 0 0 0 3 1 0 0 0 0 0 0 0 0 0 0 0 0 0 0 0 0 0 0 0 0 0 0 0 0 0 0 0 0 0 0 0 0 0 0 0 0 0 0 0 0 0 0 0 0 0 0 0 0 0 0 0 0 0 0 0 0 0 0 0 0 0 0 0 0 0 0 0 0 0 0 0 0 0 0 
0 0 0 0 0 0 0 0 0 0 0 0 0 0 0 0 0 0 0 0 0 0 4 5 7 0 0 0 0 0 0 0 0 0 0 0 0 0 0 0 0 0 0 0 0 0 0 0 0 0 0 0 0 0 0 0 0 0 0 0 0 0 0 0 0 0 0 0 0 0 0 0 0 0 0 0 0 0 0 0 0 0 0 0 0 0 0 0 0 0 0 0 0 0 0 0 0 0 0 0 
0 0 0 0 0 0 0 0 0 0 0 0 0 0 0 0 0 0 0 0 0 0 0 0 0 0 0 0 0 0 0 0 0 0 0 0 0 0 0 0 0 0 0 0 0 0 0 0 0 0 0 0 0 0 0 0 0 0 0 0 0 0 0 0 0 0 0 0 0 0 0 0 0 0 0 0 0 0 0 0 0 0 0 0 0 0 0 0 0 0 0 0 0 0 0 0 0 0 0 0 
0 0 0 0 0 0 0 0 0 0 0 0 0 0 0 0 0 0 0 0 0 0 0 0 0 0 0 0 0 0 0 0 0 0 0 0 0 0 0 0 0 0 0 0 0 0 0 0 0 0 0 0 0 0 0 0 0 0 0 0 0 0 0 0 0 0 0 0 0 0 0 0 0 0 0 0 0 0 0 0 0 0 0 0 0 0 0 0 0 0 0 0 0 0 0 0 0 0 0 0 
0 0 0 0 0 0 0 0 0 0 0 0 0 0 0 0 0 0 0 0 0 0 0 0 0 0 0 0 0 0 0 0 0 0 0 0 0 0 0 0 0 0 0 0 0 0 0 0 0 0 0 0 0 0 0 0 0 0 0 0 0 0 0 0 0 0 0 0 0 0 0 0 0 0 0 0 0 0 0 0 0 0 0 0 0 0 0 0 0 0 0 0 0 0 0 0 0 0 0 0 
0 0 0 0 0 0 0 0 0 0 0 0 0 0 0 0 0 0 0 0 0 0 0 0 0 0 0 0 0 0 0 0 0 0 0 0 0 0 0 0 0 0 0 0 0 0 0 0 0 0 0 0 0 0 0 0 0 0 0 0 0 0 0 0 0 0 0 0 0 0 0 0 0 0 0 0 0 0 0 0 0 0 0 0 0 0 0 0 0 0 0 0 0 0 0 0 0 0 0 0 
0 0 0 0 0 0 0 0 0 0 0 0 0 0 0 0 0 0 0 0 0 0 0 0 0 0 0 0 0 0 0 0 0 0 0 0 0 0 0 0 0 0 0 0 0 0 0 0 0 0 0 0 0 0 0 0 0 0 0 0 0 0 0 0 0 0 0 0 0 0 0 0 0 0 0 0 0 0 0 0 0 0 0 0 0 0 0 0 0 0 0 0 0 0 0 0 0 0 0 0 
0 0 0 0 0 0 0 0 0 0 0 0 0 0 0 0 0 0 0 0 0 0 0 0 0 0 0 0 0 0 0 0 0 0 0 0 0 0 0 0 0 0 0 0 0 0 0 0 0 0 0 0 0 0 0 0 0 0 0 0 0 0 0 0 0 0 0 0 0 0 0 0 0 0 0 0 0 0 0 0 0 0 0 0 0 0 0 0 0 0 0 0 0 0 0 0 0 0 0 0 
0 0 0 0 0 0 0 0 0 0 0 0 0 0 0 0 0 0 0 0 0 0 0 0 0 0 0 0 0 0 0 0 0 0 0 0 0 0 0 0 0 0 0 0 0 0 0 0 0 0 0 0 0 0 0 0 0 0 0 0 0 0 0 0 0 0 0 0 0 0 0 0 0 0 0 0 0 0 0 0 0 0 0 0 0 0 0 0 0 0 0 0 0 0 0 0 0 0 0 0 
0 0 0 0 0 0 0 0 0 0 0 0 0 0 0 0 0 0 0 0 0 0 0 0 0 0 0 0 0 0 0 0 0 0 0 0 0 0 0 0 0 0 0 0 0 0 0 0 0 0 0 0 0 0 0 0 0 0 0 0 0 0 0 0 0 0 0 0 0 0 0 0 0 0 0 0 0 0 0 0 0 0 0 0 0 0 0 0 0 0 0 0 0 0 0 0 0 0 0 0 
0 0 0 0 0 0 0 0 0 0 0 0 0 0 0 0 0 0 0 0 0 0 0 0 0 0 0 0 0 0 0 0 0 0 0 0 0 0 0 0 0 0 0 0 0 0 0 0 0 0 0 0 0 0 0 0 0 0 0 0 0 0 0 0 0 0 0 0 0 0 0 0 0 0 0 0 0 0 0 0 0 0 0 0 0 0 0 0 0 0 0 0 0 0 0 0 0 0 0 0 
0 0 0 0 0 0 0 0 0 0 0 0 0 0 0 0 0 0 0 0 0 0 0 0 0 0 0 0 0 0 0 0 0 0 0 0 0 0 0 0 0 0 0 0 0 0 0 0 0 0 0 0 0 0 0 0 0 0 0 0 0 0 0 0 0 0 0 0 0 0 0 0 0 0 0 0 0 0 0 0 0 0 0 0 0 0 0 0 0 0 0 0 0 0 0 0 0 0 0 0 
0 0 0 0 0 0 0 0 0 0 0 0 0 0 0 0 0 0 0 0 0 0 0 0 0 0 0 0 0 0 0 0 0 0 0 0 0 0 0 0 0 0 0 0 0 0 0 0 0 0 0 0 0 0 0 0 0 0 0 0 0 0 0 0 0 0 0 0 0 0 0 0 0 0 0 0 0 0 0 0 0 0 0 0 0 0 0 0 0 0 0 0 0 0 0 0 0 0 0 0 
0 0 0 0 0 0 0 0 0 0 0 0 0 0 0 0 0 0 0 0 0 0 0 0 0 0 0 0 0 0 0 0 0 0 0 0 0 0 0 0 0 0 0 0 0 0 0 0 0 0 0 0 0 0 0 0 0 0 0 0 0 0 0 0 0 0 0 0 0 0 0 0 0 0 0 0 0 0 0 0 0 0 0 0 0 0 0 0 0 0 0 0 0 0 0 0 0 0 0 0 
0 0 0 0 0 0 0 0 0 0 0 0 0 0 0 0 0 0 0 0 0 0 0 0 0 0 0 0 0 0 0 0 0 0 0 0 0 0 0 0 0 0 0 0 0 0 0 0 0 0 0 0 0 0 0 0 0 0 0 0 0 0 0 0 0 0 0 0 0 0 0 0 0 0 0 0 0 0 0 0 0 0 0 0 0 0 0 0 0 0 0 0 0 0 0 0 0 0 0 0 
0 0 0 0 0 0 0 0 0 0 0 0 0 0 0 0 0 0 0 0 0 0 0 0 0 0 0 0 0 0 0 0 0 0 0 0 0 0 0 0 0 0 0 0 0 0 0 0 0 0 0 0 0 0 0 0 0 0 0 0 0 0 0 0 0 0 0 0 0 0 0 0 0 0 0 0 0 0 0 0 0 0 0 0 0 0 0 0 0 0 0 0 0 0 0 0 0 0 0 0 
0 0 0 0 0 0 0 0 0 0 0 0 0 0 0 0 0 0 0 0 0 0 0 0 0 0 0 0 0 0 0 0 0 0 0 0 0 0 0 0 0 0 0 0 0 0 0 0 0 0 0 0 0 0 0 0 0 0 0 0 0 0 0 0 0 0 0 0 0 0 0 0 0 0 0 0 0 0 0 0 0 0 0 0 0 0 0 0 0 0 0 0 0 0 0 0 0 0 0 0 
0 0 0 0 0 0 0 0 0 0 0 0 0 0 0 0 0 0 0 0 0 0 0 0 0 0 0 0 0 0 0 0 0 0 0 0 0 0 0 0 0 0 0 0 0 0 0 0 0 0 0 0 0 0 0 0 0 0 0 0 0 0 0 0 0 0 0 0 0 0 0 0 0 0 0 0 0 0 0 0 0 0 0 0 0 0 0 0 0 0 0 0 0 0 0 0 0 0 0 0 
0 0 0 0 0 0 0 0 0 0 0 0 0 0 0 0 0 0 0 0 0 0 0 0 0 0 0 0 0 0 0 0 0 0 0 0 0 0 0 0 0 0 0 0 0 0 0 0 0 0 0 0 0 0 0 0 0 0 0 0 0 0 0 0 0 0 0 0 0 0 0 0 0 0 0 0 0 0 0 0 0 0 0 0 0 0 0 0 0 0 0 0 0 0 0 0 0 0 0 0 
0 0 0 0 0 0 0 0 0 0 0 0 0 0 0 0 0 0 0 0 0 0 0 0 0 0 0 0 0 0 0 0 0 0 0 0 0 0 0 0 0 0 0 0 0 0 0 0 0 0 0 0 0 0 0 0 0 0 0 0 0 0 0 0 0 0 0 0 0 0 0 0 0 0 0 0 0 0 0 0 0 0 0 0 0 0 0 0 0 0 0 0 0 0 0 0 0 0 0 0 
0 0 0 0 0 0 0 0 0 0 0 0 0 0 0 0 0 0 0 0 0 0 0 0 0 0 0 0 0 0 0 0 0 0 0 0 0 0 0 0 0 0 0 0 0 0 0 0 0 0 0 0 0 0 0 0 0 0 0 0 0 0 0 0 0 0 0 0 0 0 0 0 0 0 0 0 0 0 0 0 0 0 0 0 0 0 0 0 0 0 0 0 0 0 0 0 0 0 0 0 
0 0 0 0 0 0 0 0 0 0 0 0 0 0 0 0 0 0 0 0 0 0 0 0 0 0 0 0 0 0 0 0 0 0 0 0 0 0 0 0 0 0 0 0 0 0 0 0 0 0 0 0 0 0 0 0 0 0 0 0 0 0 0 0 0 0 0 0 0 0 0 0 0 0 0 0 0 0 0 0 0 0 0 0 0 0 0 0 0 0 0 0 0 0 0 0 0 0 0 0 
0 0 0 0 0 0 0 0 0 0 0 0 0 0 0 0 0 0 0 0 0 0 0 0 0 0 0 0 0 0 0 0 0 0 0 0 0 0 0 0 0 0 0 0 0 0 0 0 0 0 0 0 0 0 0 0 0 0 0 0 0 0 0 0 0 0 0 0 0 0 0 0 0 0 0 0 0 0 0 0 0 0 0 0 0 0 0 0 0 0 0 0 0 0 0 0 0 0 0 0 
