#################################### 
# Matrix Size= (40,50,0.275)
# Resol      = (100,100,1)
# VoxelSize  = (0.4,0.5,0.275)
# nbVal      = 10000
#################################### 
0 0 0 1.32967e-06 0 1.43678e-06 1.14977e-06 3.73167e-07 2.07756e-06 1.72741e-06 0 1.34419e-06 2.01264e-06 5.63972e-06 0 6.47122e-07 1.93959e-06 2.61357e-06 0 1.7812e-06 4.16637e-06 4.1544e-06 6.5911e-06 8.74989e-06 1.53893e-06 8.33886e-06 5.62837e-06 8.57261e-06 5.55554e-06 9.47677e-06 1.22817e-05 4.13988e-06 9.19086e-06 5.26335e-05 6.64529e-05 0.000141802 0.000244377 0.00046527 0.000634967 0.000858209 0.000903238 0.000941579 0.000985976 0.000908229 0.000949344 0.000945975 0.00100357 0.00103266 0.00101638 0.00107126 0.00104458 0.000976639 0.00103844 0.00100576 0.000945971 0.000998127 0.00109927 0.00112423 0.00099022 0.000859251 0.000877868 0.000693684 0.000492055 0.000254728 0.000100924 5.96747e-05 4.95274e-05 1.65172e-05 1.02434e-05 5.22969e-06 1.24593e-05 1.02716e-05 1.17639e-05 3.41924e-06 4.74822e-06 9.02264e-06 6.19434e-06 2.01076e-06 6.36268e-06 4.24892e-06 2.29599e-06 1.10615e-05 4.91995e-06 2.63805e-06 7.29527e-06 6.15004e-07 2.599e-06 3.37576e-06 1.65035e-06 1.19888e-06 2.39236e-07 7.4164e-07 0 0 0 1.75732e-06 0 0 0 0 
0 0 1.69923e-06 0 2.94345e-07 1.59637e-06 9.45252e-07 1.94338e-06 1.34446e-06 1.62219e-06 2.45026e-06 2.52816e-06 1.38911e-05 1.35195e-06 1.11503e-06 2.43582e-07 1.1825e-06 3.00825e-06 0 2.38913e-06 3.83209e-06 2.97825e-06 1.49217e-05 2.93518e-06 5.44172e-06 7.55222e-06 2.10109e-06 6.56817e-06 1.18833e-05 1.27396e-05 1.17065e-05 9.46536e-06 1.74215e-05 3.42994e-05 5.48809e-05 0.000148535 0.000250229 0.00047758 0.000642834 0.000897498 0.000889498 0.000959278 0.00101558 0.000974112 0.000945275 0.000944231 0.00101699 0.00104703 0.00103802 0.0011291 0.00102882 0.000978387 0.00105436 0.00106085 0.000939732 0.00103685 0.00108707 0.00110626 0.0010006 0.00087721 0.000864816 0.000706304 0.000471573 0.000259396 0.000143924 5.29886e-05 4.66106e-05 1.73326e-05 1.74064e-05 4.15815e-06 7.15623e-06 1.0966e-05 8.08435e-06 6.31866e-06 8.10133e-06 3.22098e-06 1.59032e-05 2.4007e-06 2.14806e-06 7.90744e-06 7.82395e-07 7.96758e-07 4.62605e-06 1.84629e-06 1.31175e-06 1.69896e-06 1.65156e-06 1.43279e-06 1.61399e-06 0 1.35442e-06 9.37817e-07 9.21837e-07 0 0 1.58297e-06 8.78455e-07 0 0 0 
0 0 0 3.19629e-07 1.51485e-06 5.96843e-07 2.2101e-06 6.39214e-07 1.74181e-06 2.38997e-06 2.1235e-06 0 9.67254e-07 1.44994e-06 1.93012e-06 1.97671e-06 3.20925e-06 1.44424e-06 0 3.43496e-06 7.52407e-07 2.79045e-06 3.26521e-06 4.5848e-06 9.78161e-06 7.92795e-07 3.64896e-06 8.68363e-06 1.68321e-05 1.08914e-05 6.38547e-06 1.19516e-05 1.87715e-05 3.00009e-05 6.08019e-05 0.000147592 0.000279899 0.000495913 0.000653594 0.000862032 0.00091468 0.000953448 0.00102669 0.000992978 0.000946371 0.000964898 0.00104802 0.00103724 0.00108679 0.00106289 0.00104558 0.000973644 0.00101421 0.00102373 0.000972024 0.00104127 0.00107438 0.0011084 0.00103224 0.000872057 0.000898951 0.000711056 0.000501852 0.000282414 0.000108507 6.53091e-05 4.72898e-05 2.62463e-05 1.12873e-05 1.22738e-05 5.70068e-06 1.44442e-05 5.77021e-06 3.05462e-06 9.5461e-06 7.86949e-06 1.21804e-05 5.84568e-06 5.03173e-06 7.32813e-06 1.70882e-06 0 5.17055e-06 8.11269e-07 1.01171e-06 0 3.28718e-06 1.91414e-06 3.01779e-07 0 1.89706e-06 1.14354e-06 2.28183e-06 0 0 2.6923e-07 2.36184e-06 0 0 0 
0 0 0 1.76518e-06 0 2.76233e-06 0 1.49926e-06 2.32609e-06 2.68896e-06 3.32182e-07 2.02487e-06 1.93006e-06 1.74737e-06 4.63323e-06 2.80369e-06 7.54826e-06 0 2.57085e-06 9.28419e-07 1.8733e-06 0 4.23082e-06 7.37019e-06 7.81509e-06 2.37765e-06 2.87187e-06 5.95843e-06 1.40526e-05 1.12871e-05 1.78897e-05 1.21446e-05 2.02547e-05 4.24232e-05 7.42912e-05 0.000151109 0.00028632 0.000501719 0.000657482 0.000851326 0.000915622 0.000940806 0.00103309 0.000990371 0.000967662 0.000976482 0.00102951 0.00106272 0.00103503 0.00108741 0.00105969 0.000997343 0.00100998 0.00111218 0.000960344 0.00105941 0.0010677 0.00106237 0.00101617 0.000868341 0.000845349 0.000724158 0.000486785 0.000297964 0.000124221 6.88881e-05 4.65109e-05 2.83034e-05 1.07731e-05 7.79273e-06 1.29074e-05 2.56905e-05 1.0167e-05 1.27383e-06 5.17939e-06 3.3798e-06 5.66767e-06 5.72517e-06 1.05943e-05 6.92115e-06 3.86247e-06 0 3.91291e-06 4.73e-06 1.38594e-06 0 1.94859e-06 1.60647e-06 2.04024e-06 0 0 1.20397e-06 0 2.32566e-06 0 0 1.64807e-06 0 0 0 
0 0 9.82385e-07 0 2.60954e-06 1.48567e-06 1.34776e-06 3.19015e-07 2.62891e-06 0 2.05892e-06 0 2.48656e-06 1.05761e-05 6.79875e-06 7.41665e-06 2.96421e-06 0 4.20163e-06 0 2.13616e-06 1.51447e-06 7.1499e-06 9.94704e-06 8.28125e-06 6.83967e-06 3.30129e-06 6.0114e-06 9.05949e-06 1.03418e-05 1.36258e-05 1.85387e-05 2.15067e-05 3.18709e-05 7.22352e-05 0.000155034 0.000257352 0.000531881 0.000649832 0.000847476 0.000886414 0.000978677 0.00105058 0.000977439 0.000955616 0.000965187 0.00103386 0.00109206 0.00104662 0.00105271 0.00111486 0.000986391 0.00102339 0.00108384 0.000973864 0.0010541 0.00107136 0.00106344 0.00102796 0.000869974 0.000844667 0.000715331 0.000470791 0.000294343 0.000153045 6.1477e-05 4.20585e-05 3.1289e-05 9.8915e-06 9.84116e-06 7.67091e-06 2.07229e-05 1.7848e-05 1.70721e-06 2.95367e-06 4.33033e-06 1.10155e-06 8.56909e-06 1.1622e-06 7.98429e-06 4.53922e-06 5.60034e-07 1.52274e-06 6.66044e-06 2.96838e-06 2.23491e-06 0 2.7398e-06 1.14287e-06 6.40741e-08 0 1.12151e-06 2.27971e-06 1.12044e-06 1.80424e-06 0 0 1.91608e-06 0 1.52038e-06 
0 0 0 4.21728e-06 2.32096e-06 0 0 3.82783e-06 9.56008e-07 2.02382e-06 2.6304e-07 1.22341e-06 5.14802e-06 1.88105e-05 8.0554e-06 2.64755e-07 0 1.17819e-06 4.40623e-06 0 2.77099e-06 2.64168e-06 6.42673e-06 4.96368e-06 6.85749e-06 6.84587e-07 2.09242e-06 5.75616e-06 1.25624e-05 1.30189e-05 1.04595e-05 1.75653e-05 2.80766e-05 3.96232e-05 8.0422e-05 0.000156194 0.000263757 0.000527641 0.000649311 0.000830055 0.00089405 0.000947181 0.001103 0.000994466 0.000975323 0.000960847 0.00103589 0.00107819 0.00101776 0.00106509 0.00104348 0.00104931 0.00101198 0.00105378 0.000991766 0.00104219 0.00107744 0.0010683 0.00106516 0.00090766 0.000874124 0.000714114 0.000481686 0.000284516 0.000140602 7.62138e-05 5.51401e-05 2.72959e-05 1.49332e-05 1.22209e-05 4.14873e-06 1.39768e-05 1.01337e-05 8.85796e-07 4.03624e-06 3.49436e-06 2.33827e-06 3.52473e-06 4.47304e-06 5.41212e-06 2.65228e-06 3.43562e-06 1.11544e-06 8.04045e-06 6.26649e-06 4.3364e-06 1.29183e-06 1.94718e-06 1.40601e-06 0 0 0 2.08973e-06 1.38003e-06 6.4569e-07 0 0 1.11069e-06 8.86527e-07 3.46583e-06 
0 0 4.19704e-06 1.35494e-06 0 0 1.25301e-06 3.65627e-06 8.92468e-07 6.02384e-07 2.51486e-06 1.69673e-06 9.14357e-06 0 2.1147e-06 0 0 3.20816e-06 2.29108e-06 1.63813e-06 3.99769e-06 5.25821e-06 7.96079e-06 6.28214e-06 2.77673e-06 0 3.76764e-06 1.60719e-05 1.34043e-05 4.22563e-06 1.4036e-05 2.4488e-05 1.8959e-05 3.57694e-05 9.23148e-05 0.000155105 0.000285651 0.000541101 0.000648578 0.000851583 0.000878948 0.000919392 0.00105363 0.000979702 0.000989139 0.00098617 0.00110172 0.00107483 0.00102641 0.00109373 0.00105737 0.00102733 0.000990484 0.00109821 0.00102554 0.00104981 0.00107459 0.00107858 0.00109567 0.000901962 0.000857686 0.000702692 0.000494034 0.000295609 0.000145605 6.24897e-05 4.37973e-05 4.90744e-05 1.6327e-05 1.21901e-05 1.74719e-05 1.67711e-05 1.14624e-05 3.88947e-06 3.85288e-06 2.50127e-06 4.91374e-06 5.88557e-07 3.87459e-06 2.44803e-06 3.70358e-06 2.94295e-06 4.10689e-07 2.29566e-06 7.0153e-06 2.10793e-06 4.43952e-06 0 3.02772e-06 7.6558e-07 0 0 9.37918e-07 3.18228e-06 3.35294e-07 0 0 0 6.6358e-07 0 
0 3.57678e-06 0 0 0 0 0 5.11268e-06 1.38448e-06 2.88618e-06 0 3.43004e-06 7.1282e-06 2.23699e-06 0 0 1.00372e-06 3.76152e-06 2.98243e-06 4.86333e-06 7.9365e-07 1.92517e-05 5.9878e-06 2.22277e-06 1.86707e-06 1.01305e-05 1.08314e-05 1.23889e-05 5.16296e-06 8.40891e-06 1.4734e-05 3.1781e-05 2.6491e-05 4.97666e-05 9.53567e-05 0.000158932 0.000282376 0.000549146 0.000643274 0.000870187 0.000886526 0.000915338 0.00107565 0.000980638 0.000986811 0.00104354 0.00109932 0.00103597 0.00107666 0.00115017 0.00108576 0.0010842 0.000980546 0.00105831 0.00105322 0.00106002 0.00104936 0.00113575 0.00111014 0.000884033 0.000853555 0.00069437 0.000479431 0.000300971 0.00015197 6.7022e-05 4.58761e-05 2.86946e-05 2.77685e-05 6.30437e-06 6.18617e-06 1.35931e-05 1.61268e-05 9.50029e-06 3.5505e-06 2.37312e-06 1.52342e-06 2.39111e-06 1.44008e-06 3.75458e-06 2.71294e-07 5.02752e-06 6.02683e-06 4.14475e-06 4.04236e-06 4.47792e-06 2.51265e-06 1.07519e-06 1.14162e-06 2.04289e-06 0 0 1.55488e-06 1.92706e-06 1.74186e-06 0 0 0 0 0 
1.51195e-06 0 0 0 0 0 5.42104e-06 9.28293e-07 2.95042e-06 0 1.67364e-06 2.23875e-06 0 1.68158e-06 0 3.78627e-06 3.4543e-06 4.57113e-06 1.58309e-06 2.86193e-06 1.64215e-05 1.6836e-05 5.45649e-06 2.37435e-06 1.28658e-05 5.61434e-06 9.88703e-06 1.16384e-05 4.15734e-06 9.76312e-06 1.7847e-05 3.23431e-05 3.03498e-05 3.95636e-05 9.19634e-05 0.000178908 0.000289205 0.000521064 0.000661308 0.000858849 0.000887533 0.000985818 0.00106295 0.000981205 0.000993529 0.000984027 0.00107223 0.00106647 0.00104519 0.00111509 0.00106327 0.00100285 0.000985194 0.0010129 0.0010802 0.00108679 0.00110802 0.00109373 0.00109027 0.000902656 0.000861947 0.000686623 0.000471705 0.000306849 0.000149987 6.64989e-05 4.7871e-05 2.37408e-05 1.89819e-05 2.18351e-05 6.64943e-06 7.88432e-06 1.18668e-05 1.41191e-05 3.42382e-06 2.11868e-06 2.0648e-06 2.14153e-06 1.2833e-06 1.83114e-06 4.44289e-06 4.2195e-06 1.44411e-06 9.14248e-07 4.70755e-06 4.1295e-06 1.78991e-06 1.05224e-06 0 3.30495e-06 0 0 9.80298e-07 1.48363e-06 2.38903e-06 2.96714e-06 0 0 0 0 
0 0 0 0 0 0 7.37269e-06 2.95466e-06 0 0 2.71145e-06 1.5942e-06 7.34748e-08 0 4.49518e-06 3.55365e-06 2.24135e-06 3.95066e-06 1.58557e-06 6.73739e-06 1.03439e-05 5.10654e-06 5.2793e-06 2.28981e-06 2.55016e-06 9.01683e-06 1.07791e-05 8.64461e-06 5.62837e-06 1.15781e-05 1.59955e-05 1.65493e-05 1.53731e-05 3.47192e-05 9.31411e-05 0.000155278 0.000304596 0.000499651 0.000717991 0.000857782 0.000905241 0.000948392 0.00105988 0.000989437 0.00101776 0.00104688 0.0011117 0.00105022 0.00110651 0.00110742 0.00106304 0.00102047 0.000996081 0.00104576 0.00108078 0.00107872 0.0011654 0.00110313 0.00109299 0.000915287 0.000883167 0.000691738 0.000495635 0.00031783 0.000162923 7.41164e-05 3.67013e-05 3.04609e-05 1.49641e-05 1.76549e-05 1.84027e-05 9.30647e-06 9.73426e-06 8.37745e-06 5.28057e-06 1.03341e-05 5.24704e-06 1.61065e-06 2.16481e-06 2.20424e-06 3.54044e-06 1.13148e-05 2.55894e-06 7.95167e-07 5.6062e-06 3.37146e-06 3.52463e-06 4.78044e-06 0 1.0037e-06 1.13802e-06 0 0 2.08467e-06 1.73491e-06 2.66554e-06 1.10892e-06 0 5.23794e-07 1.31744e-06 
0 0 0 0 0 2.25567e-06 1.38644e-06 0 0 3.04644e-07 1.31715e-06 0 1.81144e-07 1.18814e-06 4.07388e-06 6.48021e-07 4.35945e-06 1.39088e-06 2.03458e-06 5.58841e-06 8.30583e-06 3.88906e-06 1.59897e-06 0 3.26705e-06 5.86647e-06 6.12234e-06 3.35528e-06 6.11185e-06 1.26202e-05 1.50493e-05 1.32817e-05 2.06854e-05 3.75932e-05 0.000103459 0.000172423 0.000325713 0.000526716 0.0006813 0.000875818 0.000936341 0.00101626 0.00107551 0.00103013 0.00102025 0.00107716 0.00110983 0.00112036 0.0011056 0.00114828 0.00106301 0.00103439 0.00100419 0.00108194 0.00107396 0.00103704 0.00112309 0.00107072 0.00109123 0.000919361 0.000830368 0.000698056 0.000505861 0.000306384 0.000168167 8.0683e-05 3.83622e-05 2.1356e-05 1.30631e-05 1.34514e-05 7.62021e-06 5.58602e-06 6.89368e-06 8.64947e-06 8.0524e-06 2.69393e-05 2.00447e-05 1.56575e-06 3.32167e-08 3.12724e-06 1.55959e-06 5.90905e-06 9.84518e-06 5.04033e-06 2.8253e-06 5.69977e-06 2.30782e-06 1.76105e-06 0 0 0 0 0 0 7.04373e-07 1.58391e-06 3.9718e-06 0 0 9.74566e-07 
0 0 0 0 0 1.93118e-06 0 0 0 0 1.22972e-06 2.01108e-06 0 3.11145e-06 1.66221e-06 1.10149e-05 1.09764e-05 2.47092e-06 2.90247e-06 4.89851e-06 6.91444e-06 4.56828e-06 0 6.09936e-07 6.06781e-06 5.82924e-06 9.63955e-06 2.94854e-06 5.515e-06 1.51143e-05 1.60958e-05 1.4629e-05 2.12784e-05 4.033e-05 0.000108699 0.000181487 0.000341283 0.000551545 0.000669397 0.0008209 0.000912543 0.00106623 0.00105711 0.00100794 0.00101554 0.00104174 0.00116088 0.00105085 0.00108837 0.00115574 0.00107169 0.00105542 0.00106193 0.00105674 0.00107506 0.0010237 0.00112497 0.0010897 0.00108841 0.000933467 0.000879535 0.000706897 0.000520626 0.000307542 0.000169382 8.38306e-05 4.80623e-05 2.51423e-05 8.42962e-06 1.5943e-05 1.15664e-05 8.31549e-06 3.19084e-06 1.86264e-05 9.0143e-06 5.35462e-06 2.5625e-05 7.09343e-06 2.84487e-06 7.1047e-06 5.86146e-06 2.2974e-06 1.00403e-05 7.59599e-06 1.24094e-05 7.57314e-06 3.80898e-06 6.47939e-06 3.40203e-06 0 0 0 0 0 0 2.21437e-06 1.59691e-06 2.35056e-06 0 0 
0 0 0 0 5.03172e-07 2.41476e-06 0 0 0 0 3.9492e-06 5.81979e-06 1.86543e-06 2.19073e-06 1.10238e-06 7.57362e-06 4.44708e-06 8.69702e-07 3.23385e-06 3.81573e-06 6.61694e-06 2.15739e-06 1.80377e-06 4.49505e-06 8.45103e-06 3.59851e-06 9.30503e-06 3.12858e-06 8.95529e-06 1.62789e-05 1.26211e-05 2.34105e-05 2.05605e-05 4.16249e-05 0.000132632 0.000180694 0.000330969 0.000564105 0.000648212 0.000843793 0.000892362 0.000999731 0.00108895 0.000998288 0.00102139 0.0010505 0.00108908 0.00111696 0.00110064 0.0011705 0.0010744 0.00107007 0.00108034 0.00105968 0.00108766 0.00104986 0.00111989 0.00110074 0.00108142 0.000944669 0.000829146 0.000674716 0.000495175 0.000317476 0.000170276 9.80793e-05 4.41646e-05 3.06153e-05 1.15091e-05 1.33817e-05 1.10657e-05 9.12138e-06 6.90669e-06 6.92499e-06 1.64333e-05 6.60135e-06 3.85068e-06 2.12502e-06 0 1.83184e-06 7.43609e-06 4.25041e-07 5.77139e-06 5.81e-06 2.42111e-06 1.97519e-05 2.05239e-06 1.32947e-06 2.21467e-06 0 0 0 0 0 0 0 2.45356e-06 2.11114e-06 0 0 
0 0 0 0 2.64572e-06 0 0 0 0 4.75988e-06 6.35002e-06 0 8.79276e-07 1.24868e-05 2.95448e-06 4.21459e-07 1.81567e-06 4.49812e-07 5.30409e-06 4.47446e-06 4.79733e-06 1.14276e-05 1.51142e-06 4.39642e-06 5.93225e-06 7.76101e-06 4.8696e-06 1.17507e-05 1.38304e-05 1.22201e-05 1.06355e-05 2.43723e-05 2.83724e-05 4.89671e-05 0.000119235 0.000172675 0.000341663 0.000541191 0.000659932 0.000821624 0.000892058 0.0010036 0.00105899 0.00100938 0.00103706 0.0010605 0.0011074 0.0010718 0.00109293 0.00119497 0.00109392 0.00108661 0.00105534 0.0010839 0.00111172 0.00106785 0.00118938 0.00110901 0.00104198 0.000948167 0.000823914 0.000669283 0.000472158 0.000361649 0.000174228 0.000113165 4.34184e-05 2.61795e-05 1.8231e-05 1.34748e-05 5.22071e-05 1.1646e-05 7.18314e-06 7.50327e-06 9.192e-06 8.14936e-06 1.03724e-05 1.95904e-06 1.71984e-06 5.73823e-06 4.79178e-07 5.96321e-06 2.8079e-06 6.64652e-06 1.75297e-06 2.05992e-06 4.12767e-06 0 4.18735e-06 0 0 0 0 0 0 0 5.52556e-06 1.10234e-06 9.96099e-07 0 
0 0 0 0 2.53248e-06 0 0 4.07001e-06 0 8.4146e-06 1.40905e-06 1.22482e-06 0 2.15347e-06 1.71652e-06 1.75066e-06 1.99282e-06 7.19766e-07 4.81901e-06 7.25327e-06 3.65549e-06 5.32587e-06 2.83147e-06 5.17304e-06 9.05555e-06 1.00623e-05 3.05116e-06 1.24914e-05 1.99431e-05 5.58307e-06 1.56886e-05 2.48796e-05 3.53327e-05 5.61293e-05 0.000119273 0.000193912 0.00034306 0.000630604 0.000661017 0.000891828 0.000927485 0.000999743 0.00108891 0.00102265 0.00104024 0.00108085 0.00110402 0.00108905 0.00112941 0.00116574 0.00108869 0.0010092 0.00106248 0.00113678 0.00108457 0.00111696 0.00113113 0.00105468 0.00112603 0.00094964 0.000832057 0.000656587 0.000473237 0.000362351 0.000184275 0.000107017 4.47418e-05 1.62672e-05 1.74449e-05 1.37631e-05 1.66735e-05 1.1085e-05 6.57542e-06 2.14762e-06 7.28938e-06 1.1209e-05 8.79682e-06 2.99401e-06 3.33329e-06 1.6485e-06 6.21303e-06 3.7167e-06 1.45957e-06 2.29196e-06 6.80186e-06 2.21346e-06 3.87745e-06 1.78197e-06 1.69871e-06 4.87736e-06 0 0 0 0 0 0 1.17854e-06 2.0089e-06 2.47682e-06 0 
0 0 0 2.1189e-06 2.65925e-06 3.51206e-07 2.2591e-06 8.88932e-06 0 4.89853e-06 2.29013e-06 1.97834e-06 2.64351e-06 3.13512e-06 0 0 1.30039e-06 5.21644e-06 6.01879e-06 1.40643e-05 2.71113e-06 8.36908e-07 7.85138e-06 6.8929e-06 8.18064e-06 3.55031e-06 7.11494e-06 1.40218e-05 1.21047e-05 5.49283e-06 2.25467e-05 2.51756e-05 5.0366e-05 5.31159e-05 0.000131912 0.000184689 0.000373302 0.000533002 0.000669341 0.000841943 0.000941288 0.00103479 0.00110455 0.00104231 0.00105326 0.0010684 0.00113534 0.00109186 0.00108503 0.00119459 0.00112469 0.00111295 0.00104926 0.00114452 0.0010552 0.00111991 0.00113871 0.00106391 0.00106775 0.000985912 0.000820185 0.000701051 0.000478965 0.000349033 0.000184295 0.000103126 5.143e-05 2.20203e-05 1.78752e-05 1.21142e-05 6.1442e-06 1.42538e-05 1.16779e-05 5.80581e-06 9.54905e-06 6.09348e-06 4.02933e-06 5.37715e-06 4.29689e-06 0 3.42616e-06 2.16736e-06 3.57054e-06 0 2.26349e-06 2.22084e-06 3.64717e-06 3.5688e-06 2.61206e-07 9.87787e-06 0 0 0 0 0 0 0 1.50923e-06 6.45824e-07 1.74242e-06 
0 0 0 2.72704e-06 1.96864e-06 0 1.2684e-05 0 2.16074e-06 7.55198e-07 8.82718e-07 9.28288e-07 2.6918e-06 1.06049e-06 6.99997e-07 1.11031e-06 1.65014e-06 6.75854e-06 1.16781e-05 1.27336e-05 3.22062e-06 1.63606e-06 1.16733e-05 5.94734e-06 7.76449e-06 8.93146e-06 1.02737e-05 8.46432e-06 9.4665e-06 4.57341e-06 2.35971e-05 2.40576e-05 3.95669e-05 5.89535e-05 0.000142041 0.000192979 0.000422581 0.000545453 0.000638572 0.000843039 0.000915369 0.00103795 0.00116662 0.00105331 0.00106236 0.00107495 0.00110602 0.00108184 0.0011092 0.00122859 0.00112113 0.00107898 0.00102985 0.00114541 0.00108145 0.00112317 0.00116787 0.0010821 0.00109219 0.000937808 0.000827214 0.000765095 0.000515087 0.000360755 0.000209811 0.000106854 4.71643e-05 2.98808e-05 2.33377e-05 1.56608e-05 1.7218e-05 3.44927e-05 1.76908e-05 8.40365e-06 2.06293e-05 8.28979e-06 4.75722e-06 1.80239e-06 9.89202e-07 3.18711e-06 3.22117e-06 3.08417e-06 1.37519e-06 1.70107e-06 0 0 1.49532e-06 2.3758e-06 2.1254e-06 2.53066e-06 8.41599e-06 0 0 0 0 0 0 0 1.84675e-06 1.6207e-06 
0 0 1.14799e-06 3.55845e-06 1.48075e-06 0 0 0 1.52404e-06 0 2.07949e-06 0 4.97238e-06 0 4.32238e-06 9.44883e-07 5.3074e-06 6.65844e-06 1.39061e-05 5.55113e-06 4.09283e-06 2.10563e-06 4.43913e-06 1.28519e-05 5.9254e-06 5.92002e-06 8.72718e-06 1.54043e-05 5.24716e-06 1.6451e-05 1.81375e-05 2.04124e-05 3.91803e-05 5.95839e-05 0.000130319 0.000201937 0.000359315 0.000549086 0.000638759 0.000864511 0.000909864 0.00104182 0.00110798 0.00107962 0.00105267 0.00111491 0.00109731 0.00112347 0.00114364 0.00126001 0.00110462 0.00108616 0.0010373 0.00114749 0.00111811 0.00118493 0.0011459 0.00112308 0.00100821 0.000929141 0.000878676 0.000717859 0.000515661 0.000361251 0.000220533 0.000132085 6.01509e-05 2.81071e-05 3.03182e-05 1.65865e-05 1.18904e-05 1.11017e-05 3.09704e-05 8.81166e-06 1.78872e-05 2.05688e-06 7.95224e-06 3.41981e-06 0 4.7534e-06 2.04694e-06 3.91427e-06 4.24969e-06 9.29903e-07 0 3.47254e-07 0 3.51111e-06 1.12502e-06 0 7.75482e-06 2.36871e-06 0 0 0 0 0 0 2.33953e-06 1.16674e-06 
0 0 3.55962e-07 3.2409e-06 0 0 0 0 1.88591e-06 2.22587e-06 0 1.92909e-06 1.95932e-06 8.90125e-07 2.88006e-06 0 5.58939e-06 8.25938e-06 1.1721e-06 6.16534e-06 9.83665e-07 4.16527e-06 8.29689e-06 1.21691e-05 2.14384e-06 5.86842e-06 6.79059e-06 1.81632e-05 1.30641e-05 2.39044e-05 2.02167e-05 2.51686e-05 3.74516e-05 6.16938e-05 0.000136336 0.000209184 0.000374874 0.000522119 0.000640205 0.000892098 0.000954345 0.00105715 0.00111309 0.00110583 0.00106165 0.00110805 0.00111415 0.00108922 0.00112885 0.00123023 0.00109995 0.00108792 0.00108014 0.00110482 0.00111425 0.00119605 0.00114406 0.00110086 0.00103307 0.000944876 0.000908572 0.000711691 0.000494095 0.000372944 0.000201186 0.000125253 7.31003e-05 3.59431e-05 1.9602e-05 2.06026e-05 2.85067e-05 1.17999e-05 8.05353e-06 8.01214e-06 8.75614e-06 2.45647e-06 3.54002e-06 4.39149e-06 2.59658e-06 3.37575e-06 2.20506e-06 5.60145e-06 7.51215e-06 8.35519e-06 7.25914e-06 8.09727e-06 1.09854e-06 4.16309e-06 3.15645e-06 0 2.73751e-06 2.43177e-06 0 0 0 0 1.49164e-06 0 0 4.32838e-06 
0 0 1.54004e-06 8.80895e-07 0 0 0 1.01928e-06 1.29338e-06 7.63069e-07 0 1.86407e-06 0 4.43083e-06 1.52898e-06 6.68355e-06 1.85561e-06 5.01782e-06 5.09434e-06 6.22325e-06 1.81685e-06 5.86138e-06 7.25739e-06 1.19522e-05 2.51063e-06 1.09176e-05 7.86734e-06 1.96888e-05 1.491e-05 2.81795e-05 1.17834e-05 3.57476e-05 3.67922e-05 8.43508e-05 0.000150084 0.000230811 0.000370775 0.000556729 0.000657123 0.000915253 0.000940409 0.00106754 0.00111094 0.00112382 0.00106609 0.00115466 0.00110106 0.00107161 0.00113751 0.00125158 0.00110094 0.00110579 0.00106728 0.00110043 0.00111557 0.00113988 0.00112137 0.00112118 0.00105602 0.000917655 0.000853312 0.000731566 0.000510841 0.000389391 0.000209561 0.000112161 8.45516e-05 3.98617e-05 1.12274e-05 1.29056e-05 2.05395e-05 2.04542e-05 6.83573e-06 1.4758e-05 8.93053e-06 5.66788e-06 3.21329e-06 3.09669e-06 2.44124e-06 3.62234e-06 5.04718e-06 4.25692e-06 9.72138e-07 5.57105e-06 0 0 2.37418e-06 1.86151e-06 7.70938e-07 1.38069e-06 0 6.90335e-06 1.17493e-06 0 0 0 1.20242e-06 4.28647e-07 0 2.47863e-06 
0 0 6.24529e-07 0 0 0 0 1.34533e-06 2.86877e-07 0 0 1.61107e-06 2.27436e-06 1.93787e-06 6.09678e-06 5.23023e-06 2.9873e-06 1.27339e-06 5.03485e-06 9.06405e-06 3.60672e-06 7.94985e-06 4.93824e-06 9.72793e-06 4.40807e-06 9.46192e-06 1.39496e-05 1.91973e-05 1.9158e-05 3.21818e-05 9.7605e-06 2.68564e-05 4.95092e-05 9.27945e-05 0.000169194 0.000244261 0.00037503 0.000554069 0.000656266 0.000855132 0.0009744 0.00104479 0.00111298 0.00111925 0.00107592 0.00112167 0.00109486 0.00113258 0.00115804 0.00128509 0.00116861 0.00116053 0.00107638 0.00111815 0.00114642 0.00114719 0.00111981 0.00115991 0.00104219 0.000939928 0.000879348 0.000742877 0.00050435 0.000400634 0.000219306 0.000110824 8.2222e-05 4.53261e-05 1.61712e-05 1.36103e-05 1.49179e-05 1.57257e-05 6.08714e-06 9.59616e-06 1.38429e-05 1.05121e-05 2.3822e-06 2.95494e-06 2.98565e-06 2.22586e-06 5.43135e-06 9.69172e-06 1.14768e-05 4.17634e-06 6.4396e-06 5.17081e-06 1.93922e-06 0 1.84052e-06 0 0 4.71406e-07 3.31916e-06 0 0 0 0 2.03335e-06 0 5.29219e-07 
0 7.3649e-07 6.34822e-07 0 0 0 0 1.81353e-06 0 0 1.06908e-06 6.49323e-07 3.30148e-06 2.164e-06 1.01246e-05 1.85329e-06 1.65112e-06 0 8.2614e-06 7.6731e-06 2.56074e-06 9.24698e-06 7.83778e-06 4.27689e-06 4.6489e-06 1.75887e-05 2.31302e-05 1.96945e-05 4.28201e-05 2.70381e-05 2.32442e-05 2.0566e-05 5.05203e-05 9.17647e-05 0.000156631 0.000242977 0.000381666 0.000527769 0.000674544 0.000844132 0.000970551 0.00107897 0.00115098 0.001133 0.00111581 0.0011185 0.001095 0.00111027 0.00120583 0.00124097 0.00112808 0.00116049 0.0010681 0.00109233 0.00117669 0.0011493 0.0011203 0.00112889 0.00101768 0.000956215 0.000871953 0.000697537 0.000500094 0.000442591 0.000249051 0.000120498 8.53649e-05 4.9249e-05 1.77859e-05 1.13225e-05 1.02507e-05 2.31656e-05 7.19333e-06 7.97521e-06 1.36386e-05 5.97387e-06 1.59147e-06 3.67595e-06 1.01597e-05 3.30889e-06 8.75899e-06 2.50978e-06 6.19131e-06 1.85582e-06 2.47128e-06 7.2745e-06 9.14719e-06 1.24079e-06 1.74138e-06 0 0 0 1.90922e-06 0 0 0 0 1.26584e-06 1.00344e-06 0 
0 1.6387e-06 0 0 0 0 6.20357e-07 8.1909e-07 0 0 1.58819e-06 0 3.75039e-06 3.00252e-06 1.74138e-05 1.73324e-06 1.34981e-06 2.13745e-06 1.28198e-05 0 6.17675e-06 9.11565e-06 1.05433e-05 1.12358e-05 1.87813e-05 1.03161e-05 1.84777e-05 6.18627e-06 3.528e-05 2.82335e-05 2.10447e-05 1.98047e-05 4.80373e-05 9.48275e-05 0.000169384 0.000260362 0.000361767 0.000541729 0.000668935 0.000854921 0.00100666 0.00107345 0.00109371 0.00117986 0.00108752 0.00110268 0.00109638 0.00109584 0.00117997 0.00125639 0.00110041 0.00117641 0.0010779 0.00111873 0.00117223 0.00124651 0.00111659 0.0011517 0.00105223 0.000993145 0.000835921 0.000707126 0.00055286 0.000445211 0.000262731 0.000134229 8.00382e-05 4.89271e-05 2.41386e-05 8.11595e-06 9.85814e-06 1.87377e-05 9.51713e-06 6.50626e-06 1.16379e-05 1.49665e-05 3.53887e-06 3.23492e-06 5.71381e-06 1.11467e-05 2.33772e-05 2.39192e-06 3.72999e-06 3.35317e-06 1.64833e-06 0 0 0 2.1434e-06 0 0 0 5.3018e-07 1.59941e-06 0 0 6.80062e-07 0 1.9939e-06 0 
8.09432e-07 1.41922e-06 0 0 6.71073e-07 0 1.6584e-06 0 0 0 1.8624e-06 1.13655e-06 1.39634e-06 2.82829e-06 6.26065e-06 9.51533e-07 2.23112e-06 5.99633e-06 1.21407e-05 1.4307e-06 8.05272e-06 5.06477e-06 1.03733e-05 2.1978e-06 7.17014e-06 7.71754e-06 1.73667e-05 1.15608e-05 2.82187e-05 2.5483e-05 1.96595e-05 2.67947e-05 4.68104e-05 0.000113054 0.000163521 0.000246619 0.000359186 0.000546421 0.000688035 0.000812835 0.00100124 0.00110331 0.0010677 0.0011423 0.00111323 0.00113833 0.00108968 0.00114377 0.00119683 0.00125419 0.00115041 0.00112377 0.00117165 0.00120966 0.00112472 0.0011943 0.00114609 0.00116522 0.00107448 0.000973714 0.00083651 0.000701192 0.000556802 0.000429505 0.000258387 0.000133883 7.11181e-05 5.93239e-05 4.00813e-05 9.34858e-06 1.65777e-05 1.1681e-05 7.9847e-06 8.06608e-06 7.7618e-06 9.82004e-06 1.70412e-05 2.45041e-06 5.68254e-06 6.31867e-06 1.09442e-05 8.02574e-06 1.6252e-06 5.86636e-06 3.43592e-06 0 0 4.37883e-07 0 2.08384e-06 0 0 0 2.81452e-06 0 0 1.94551e-06 0 1.28808e-06 2.86548e-07 
2.67453e-06 2.10334e-06 0 0 2.73071e-06 0 1.48979e-06 0 0 1.32494e-06 7.34615e-07 0 0 3.37362e-06 3.02968e-06 5.67986e-06 3.16956e-06 7.60396e-06 1.83876e-06 3.985e-06 7.57998e-06 7.13948e-06 5.77931e-06 3.89996e-06 6.95176e-06 1.31979e-05 1.43941e-05 1.48574e-05 2.14102e-05 2.15304e-05 2.63803e-05 2.99869e-05 4.86542e-05 0.000109578 0.00015873 0.000243979 0.000378656 0.000552613 0.000718768 0.000832162 0.00100968 0.00107552 0.00106781 0.00115872 0.00109396 0.00114817 0.00108576 0.0011374 0.00119406 0.00125619 0.00115286 0.00111942 0.00114976 0.00116599 0.001147 0.00118982 0.00117528 0.00113821 0.00108743 0.00100686 0.000833326 0.000696591 0.000542669 0.000457851 0.000266221 0.000158612 7.98948e-05 6.00562e-05 3.59168e-05 2.08684e-05 1.12737e-05 1.3042e-05 1.22092e-05 9.32896e-06 7.6306e-06 5.33579e-06 3.38017e-05 1.58763e-06 5.51436e-06 8.8398e-06 3.00207e-06 1.80381e-05 2.02726e-06 3.65846e-06 3.26192e-06 1.79919e-06 0 7.00509e-07 1.37826e-06 4.11082e-06 7.52073e-07 0 0 1.54118e-06 3.12937e-06 0 1.27727e-06 1.62703e-06 0 1.8937e-06 
2.05112e-06 4.92958e-06 0 0 0 0 1.95015e-06 3.78773e-07 0 2.6988e-07 0 0 2.10206e-06 2.23358e-06 1.4085e-05 4.40429e-06 3.45184e-06 4.19311e-06 7.16984e-07 7.29434e-06 4.80523e-06 4.08951e-06 7.25569e-06 1.26015e-05 9.0346e-06 2.36976e-05 1.72698e-05 1.54763e-05 1.87588e-05 2.74273e-05 1.83009e-05 3.25624e-05 4.93432e-05 0.000121682 0.000150691 0.000245297 0.000376303 0.000546451 0.000702732 0.000861125 0.00106767 0.00107114 0.00109314 0.00117694 0.0011298 0.00116838 0.00110612 0.00117151 0.00126712 0.00126036 0.0011613 0.00113776 0.00116815 0.00118979 0.00119274 0.0011644 0.00114861 0.00115018 0.00111428 0.00103495 0.000849497 0.000678328 0.000558079 0.000442084 0.000293565 0.00017634 8.04599e-05 6.45246e-05 3.38969e-05 3.2236e-05 1.94362e-05 1.79852e-05 8.68785e-06 1.06736e-05 1.09229e-05 3.70179e-06 8.81451e-06 1.13559e-05 2.24577e-06 1.51177e-05 2.74487e-06 1.47022e-05 1.35793e-06 3.97412e-06 6.51641e-06 3.23948e-06 1.14408e-06 0 2.69631e-06 2.02489e-06 1.93858e-06 0 0 0 4.14355e-06 0 0 1.95315e-06 0 0 
5.9096e-06 0 0 0 0 1.27367e-06 0 2.06235e-06 0 0 1.94888e-06 7.6773e-06 2.04821e-06 5.64303e-07 9.81577e-07 5.26666e-06 5.14034e-06 3.67013e-06 4.163e-06 4.61786e-06 5.57583e-06 4.40588e-06 7.71298e-06 1.15536e-05 1.10852e-05 2.46569e-05 6.68844e-06 2.05386e-05 2.32724e-05 1.98286e-05 2.63463e-05 3.98912e-05 4.83232e-05 0.000129769 0.000152323 0.000239817 0.000382461 0.000545802 0.000726965 0.000846058 0.00106256 0.00108991 0.00107036 0.00120631 0.00111032 0.00121918 0.00107347 0.0011671 0.00118492 0.00131734 0.00121334 0.00116431 0.00121058 0.00117966 0.00121267 0.00120134 0.00113483 0.00112234 0.00113262 0.00100117 0.000877502 0.000663689 0.000575385 0.00044383 0.000348527 0.000167002 8.11198e-05 6.48035e-05 3.70216e-05 3.13741e-05 2.87012e-05 2.73076e-05 6.01989e-06 9.61458e-06 1.30059e-05 5.9555e-06 4.93536e-06 1.23868e-05 4.31646e-06 1.09457e-05 3.89491e-06 5.88674e-06 5.10257e-06 3.3531e-06 4.9365e-06 3.48373e-06 1.50751e-06 7.85952e-07 2.41995e-06 5.30158e-06 3.18428e-06 0 0 0 8.39473e-07 4.02813e-06 0 3.94538e-07 5.91025e-07 0 
1.15994e-06 0 0 0 0 1.68173e-06 0 1.89996e-06 0 0 1.44649e-07 0 2.82036e-06 0 1.29842e-06 8.90616e-06 3.78045e-06 5.29797e-06 8.01282e-06 3.5614e-06 2.83547e-06 7.99707e-06 1.00591e-05 1.16179e-05 5.93688e-06 1.62825e-05 3.63544e-06 1.73231e-05 2.18785e-05 1.8662e-05 2.59985e-05 3.92185e-05 6.06299e-05 0.000129982 0.000142359 0.000244275 0.000403604 0.000554548 0.00071105 0.00084299 0.0010232 0.00108675 0.0011125 0.00115895 0.00115882 0.00128239 0.00110846 0.00119735 0.00116713 0.00131237 0.00123191 0.00117755 0.00120418 0.00122017 0.00120306 0.00119794 0.00117424 0.00109168 0.00113094 0.000981519 0.000856 0.00069078 0.000550758 0.000423613 0.000315055 0.00016204 8.47991e-05 5.20455e-05 3.52507e-05 2.68242e-05 2.04735e-05 3.56974e-05 2.00948e-05 8.99781e-06 7.95285e-06 5.8788e-06 1.11293e-05 5.53898e-06 8.3074e-06 2.31117e-06 1.26457e-05 5.9446e-06 6.47924e-06 1.05826e-06 6.30546e-06 4.85978e-06 1.6332e-06 9.25345e-07 0 5.45758e-06 3.02571e-06 1.84873e-06 0 0 0 3.59287e-06 9.65191e-07 0 0 0 
0 0 0 0 0 1.81477e-06 1.82912e-06 4.05935e-07 0 0 0 0 3.17997e-06 0 5.29692e-06 7.28105e-06 2.53276e-06 5.09224e-06 5.28546e-06 5.33939e-06 6.61643e-06 1.07113e-05 2.96973e-06 1.03286e-05 8.20212e-06 1.10063e-05 7.50041e-06 1.71132e-05 1.91278e-05 1.89117e-05 2.83409e-05 3.36278e-05 7.60113e-05 0.000132056 0.000143648 0.000240483 0.00040078 0.000582868 0.000708246 0.00087014 0.00104643 0.00104982 0.00114013 0.00117591 0.00112248 0.00123997 0.00114859 0.001171 0.0011773 0.00128552 0.00124107 0.00124975 0.00120343 0.00118901 0.0013102 0.00117534 0.00114525 0.0011549 0.00112538 0.000971754 0.000962107 0.000695004 0.000528734 0.000422827 0.000313167 0.000174187 9.1058e-05 5.16096e-05 3.78225e-05 1.70435e-05 1.79931e-05 8.84845e-06 1.12273e-05 1.57137e-05 1.96579e-05 8.57001e-06 5.83484e-06 1.46079e-05 4.26608e-06 9.28038e-06 1.73486e-05 3.21301e-06 9.58441e-06 1.24808e-06 2.0095e-06 2.19893e-06 4.35678e-06 0 0 2.76193e-06 7.84082e-06 2.07529e-06 0 0 0 0 4.46226e-06 0 0 0 
0 0 0 0 1.27772e-06 1.04122e-06 1.96539e-06 0 2.41418e-06 0 0 2.53512e-06 1.55288e-06 0 5.15203e-06 3.47851e-06 7.22142e-06 2.94969e-06 4.21154e-06 1.17653e-05 1.15138e-05 6.2788e-06 3.57339e-06 1.5097e-05 1.83926e-05 3.72369e-06 8.09292e-06 2.02467e-05 1.30477e-05 2.89435e-05 2.72146e-05 3.59886e-05 8.84724e-05 0.00011762 0.000170823 0.0002423 0.000403183 0.000534786 0.00070884 0.000882181 0.00110162 0.00100287 0.00110949 0.00118132 0.00118012 0.00126929 0.00120495 0.00120849 0.00122218 0.00122494 0.0011922 0.00122071 0.00124615 0.00121615 0.00121918 0.0011947 0.00119531 0.00118402 0.00114542 0.000973966 0.000892691 0.00070569 0.00051115 0.000544364 0.00029421 0.000185742 9.54644e-05 6.24186e-05 3.00521e-05 1.90341e-05 1.24923e-05 1.15094e-05 1.12874e-05 7.32155e-06 1.39262e-05 1.18706e-05 3.04164e-06 2.12761e-05 5.60581e-06 0 6.34053e-06 7.40234e-06 3.19626e-06 5.62549e-06 2.30768e-06 4.14258e-06 4.41522e-06 0 0 2.10659e-06 5.68368e-06 3.58131e-06 1.15152e-06 2.64061e-07 6.72507e-08 0 3.20971e-06 1.90955e-06 0 0 
0 0 0 0 4.54112e-07 6.24332e-08 1.54172e-06 6.46765e-07 2.77352e-06 0 2.51658e-06 4.17341e-06 0 0 9.62871e-06 7.1911e-06 4.80234e-06 5.29972e-06 5.15606e-06 9.34e-06 1.90035e-05 3.20147e-06 7.22326e-06 2.28865e-05 1.34635e-05 6.71301e-06 9.97162e-06 1.72561e-05 1.90817e-05 2.50915e-05 3.10409e-05 4.31333e-05 8.59422e-05 0.000112409 0.00018649 0.000236272 0.000392135 0.000541025 0.000713071 0.000885006 0.00113103 0.0010532 0.00118301 0.00121424 0.00119825 0.00128467 0.00119691 0.00124166 0.00119558 0.00126072 0.00123322 0.00127759 0.00123238 0.00122311 0.0012528 0.00122847 0.00114628 0.00113147 0.00115601 0.000978107 0.000883041 0.000739423 0.00051998 0.000438729 0.000294688 0.000161399 9.69331e-05 6.67654e-05 2.75081e-05 2.86582e-05 1.87264e-05 1.75425e-05 1.23629e-05 1.18747e-05 9.02317e-06 8.80517e-06 7.45599e-06 1.0075e-05 7.26204e-06 0 1.66304e-06 7.73997e-06 2.47889e-06 1.029e-05 3.10452e-06 3.89762e-06 4.3951e-07 4.06742e-06 0 3.89828e-07 6.33041e-06 5.35811e-06 2.64942e-06 0 1.59223e-07 2.12969e-07 0 4.55921e-06 0 0 
0 0 0 0 0 0 0 5.75079e-06 3.9376e-07 3.34006e-06 5.21921e-06 0 0 2.55415e-06 1.02685e-05 4.10645e-06 8.32889e-06 3.56262e-06 7.62526e-06 9.18066e-06 1.22634e-05 6.17452e-06 6.86857e-06 2.09065e-05 1.22016e-05 5.04677e-06 1.90808e-05 2.27207e-05 1.52273e-05 2.17198e-05 3.88205e-05 4.52754e-05 8.69097e-05 0.000124887 0.000200388 0.000253076 0.000401748 0.000550167 0.000725555 0.000910739 0.00108714 0.00103901 0.00122929 0.0012053 0.00113755 0.00124161 0.00121338 0.00121775 0.00121323 0.00130711 0.00128056 0.00122312 0.00120391 0.00124488 0.0012761 0.00118878 0.00116562 0.00117756 0.00117112 0.000997477 0.000886478 0.000755662 0.000548583 0.00047388 0.000319379 0.00016918 8.72752e-05 7.34986e-05 4.03306e-05 2.90535e-05 4.28445e-05 1.4216e-05 9.15037e-06 1.69025e-05 7.73212e-06 8.12489e-06 7.37969e-06 5.53917e-06 8.86914e-06 2.5894e-06 3.37957e-07 7.53282e-06 2.76898e-06 1.00067e-05 8.21067e-06 2.37962e-06 0 4.18611e-06 4.06987e-07 1.67856e-07 2.69407e-06 7.64218e-06 4.34585e-06 0 0 0 0 2.06325e-06 3.03023e-06 0 
0 0 0 0 0 0 0 4.05424e-06 1.75363e-06 3.47825e-06 3.78741e-07 8.53903e-07 0 7.76922e-06 6.73947e-06 5.38146e-06 8.50761e-06 5.6229e-06 6.94835e-06 9.84274e-06 1.80388e-06 2.61787e-06 6.44747e-06 9.45709e-06 1.10418e-05 9.53802e-06 1.51557e-05 1.32734e-05 1.14877e-05 2.32517e-05 4.28576e-05 4.04761e-05 7.90295e-05 0.000115776 0.000185102 0.000253688 0.000418226 0.000548896 0.000721467 0.000915534 0.00109534 0.0010455 0.00122025 0.00122344 0.00125171 0.00134941 0.00127065 0.00122048 0.0012301 0.00132554 0.00125782 0.00121869 0.00125967 0.0012934 0.00127059 0.00121654 0.0011352 0.00115265 0.0011505 0.000983561 0.000851632 0.000785055 0.000538363 0.000425287 0.00031605 0.000180557 0.000104673 6.40473e-05 4.70042e-05 2.81517e-05 2.78547e-05 1.73823e-05 1.26169e-05 1.88255e-05 1.48731e-05 4.2718e-06 6.34322e-06 9.38805e-06 1.39683e-05 2.39188e-06 8.99288e-07 5.01101e-06 6.84354e-06 4.06034e-06 8.69092e-06 7.57018e-07 1.6255e-06 1.8769e-06 2.06108e-06 0 0 1.90798e-05 1.80441e-06 1.98256e-06 0 0 0 0 3.75594e-06 1.33416e-06 
0 0 0 0 1.15367e-06 0 3.19024e-06 1.42663e-06 0 0 2.40199e-06 0 0 1.83701e-05 3.88934e-06 9.56302e-06 7.95326e-06 2.09815e-06 1.0558e-05 3.2886e-06 3.70731e-06 3.73567e-07 3.96934e-06 1.16809e-05 6.31552e-06 1.16482e-05 1.31057e-05 1.12967e-05 1.81474e-05 1.61555e-05 7.19737e-05 4.32075e-05 8.05105e-05 0.000123287 0.000180162 0.000276726 0.000415188 0.000599696 0.000749823 0.000895894 0.00108643 0.00106884 0.00121514 0.00120674 0.00122989 0.00129303 0.00122608 0.00121987 0.00132894 0.00127181 0.00132152 0.00132283 0.00123694 0.00128248 0.00125932 0.00120437 0.00116059 0.00117677 0.00114053 0.000981703 0.000849899 0.000788794 0.000548356 0.000440113 0.000314322 0.000169799 0.000131647 6.2249e-05 4.78235e-05 3.49456e-05 2.79371e-05 1.90181e-05 1.54118e-05 1.05319e-05 1.99552e-05 9.24164e-06 5.78685e-06 1.22675e-05 5.52625e-06 1.40071e-05 2.7972e-06 2.41103e-06 1.18903e-05 1.85264e-06 6.5792e-06 3.19977e-06 1.78643e-06 5.36883e-06 4.55325e-06 4.37678e-07 3.49466e-07 2.15872e-06 3.19178e-07 8.34445e-07 0 0 0 0 4.54771e-06 2.39242e-06 
0 0 0 2.7905e-06 0 0 5.175e-06 0 0 0 2.11223e-06 0 1.03903e-05 8.39331e-06 5.72722e-06 5.99534e-06 4.71292e-07 9.24166e-07 8.58635e-06 4.31421e-06 2.90341e-06 0 3.63748e-06 3.90004e-06 6.05657e-06 8.35508e-06 1.92083e-05 1.69166e-05 3.37242e-05 2.50729e-05 3.86598e-05 4.39393e-05 8.28929e-05 0.000115037 0.000190369 0.000286353 0.000445301 0.000550278 0.000742056 0.000912369 0.00109867 0.00111101 0.00132445 0.00114015 0.00123076 0.001322 0.001216 0.00128554 0.00123335 0.00127796 0.00137086 0.00133186 0.00123221 0.0013368 0.00125502 0.00118523 0.00121288 0.00111798 0.00110114 0.00105958 0.000855815 0.000782831 0.000554932 0.000458267 0.000350643 0.000162926 0.000116688 6.24984e-05 3.87697e-05 3.8567e-05 3.80993e-05 1.76372e-05 1.26102e-05 1.44995e-05 1.73139e-05 1.34804e-05 2.05867e-05 5.01141e-06 1.13083e-05 8.00936e-06 2.9308e-06 2.23568e-06 1.19325e-05 2.23324e-06 4.77461e-06 6.53092e-06 2.37366e-06 6.20263e-07 5.57226e-06 3.38745e-06 0 2.08862e-06 2.40511e-06 0 0 0 0 0 3.39724e-06 9.27444e-06 
0 0 0 0 0 3.77892e-06 1.39964e-06 0 0 5.02647e-06 2.35713e-06 0 5.64301e-06 1.91852e-06 6.1374e-06 1.95808e-06 0 0 6.15611e-06 1.84493e-05 4.20568e-06 0 5.2599e-06 4.85947e-06 1.08427e-05 3.75912e-06 1.40611e-05 1.89498e-05 2.02436e-05 2.20676e-05 2.47862e-05 5.31669e-05 8.20188e-05 0.000127215 0.000174971 0.000286186 0.000445581 0.000569123 0.000728783 0.000875243 0.00108375 0.00112946 0.00129385 0.00120923 0.00125499 0.00133885 0.00130358 0.00127925 0.00126548 0.00130514 0.00135592 0.00131817 0.00125002 0.00143023 0.0013116 0.00122723 0.00115783 0.00110805 0.00113974 0.00108698 0.000851287 0.000825146 0.000537505 0.000491216 0.000321962 0.000180355 0.000139629 5.97978e-05 4.515e-05 3.59924e-05 1.99157e-05 1.06328e-05 1.15915e-05 9.23123e-06 1.53197e-05 1.59036e-05 5.45973e-06 4.33913e-06 1.28255e-05 4.25691e-06 7.47861e-06 1.5462e-06 5.46793e-06 1.23127e-05 2.29712e-06 2.25561e-06 5.15864e-06 0 5.02688e-06 1.74808e-06 3.63772e-07 2.18125e-06 2.53258e-06 0 0 0 1.44196e-07 0 0 2.18094e-06 
0 0 0 0 0 4.51255e-06 0 0 4.94919e-07 6.23825e-06 0 0 5.75186e-06 4.21768e-06 2.84716e-06 4.74647e-07 0 2.932e-06 7.61859e-06 1.34412e-05 0 0 5.29345e-06 7.86595e-06 9.88374e-06 3.13448e-06 2.18305e-05 3.3974e-05 1.27047e-05 2.51296e-05 2.84266e-05 4.37813e-05 8.69051e-05 0.000139494 0.000174354 0.000304738 0.000478573 0.000590161 0.000738544 0.0008646 0.0010778 0.0011819 0.00145091 0.00121954 0.00127304 0.00135239 0.00130525 0.00128828 0.00125221 0.00133511 0.00133341 0.0013107 0.00127828 0.00134393 0.00125582 0.0012726 0.00116471 0.00113713 0.00112588 0.00108579 0.000855778 0.000832597 0.000554025 0.000489421 0.000336846 0.000181792 0.000117687 7.02477e-05 3.75871e-05 4.04143e-05 2.47272e-05 1.58098e-05 1.67217e-05 8.89414e-06 1.13017e-05 1.6316e-05 1.23582e-05 7.4453e-06 5.80812e-06 3.58313e-06 8.18062e-06 6.25683e-06 6.18514e-06 1.07836e-05 9.70913e-06 1.8412e-06 3.57557e-06 4.58488e-07 8.35571e-07 3.78492e-06 2.76086e-06 1.80222e-06 1.52325e-06 2.79981e-06 0 0 0 3.03081e-07 0 0 
0 0 7.6703e-07 0 3.50145e-06 1.87633e-06 0 0 3.18776e-06 4.07568e-06 0 0 2.56276e-06 1.01678e-05 4.03832e-06 0 0 7.27569e-06 1.09618e-05 5.99323e-06 0 1.21576e-06 7.31897e-06 8.49797e-06 4.00857e-06 9.09036e-06 2.1388e-05 1.9882e-05 1.75489e-05 2.24122e-05 3.34667e-05 7.95804e-05 0.000123275 0.000152392 0.000175546 0.000324893 0.000499872 0.000551528 0.000779706 0.000878239 0.00104329 0.00119969 0.00138999 0.00126671 0.00131488 0.00134676 0.00132072 0.00138934 0.00129475 0.00132122 0.00134407 0.001383 0.00134437 0.00140272 0.00127406 0.00119043 0.00127486 0.00119129 0.00112762 0.00112493 0.000871868 0.000858179 0.000533116 0.000493816 0.000321276 0.000194 0.00011952 8.16619e-05 3.54193e-05 4.74286e-05 3.02748e-05 1.29769e-05 1.92959e-05 1.19691e-05 7.51614e-06 1.08931e-05 9.52312e-06 4.15024e-06 5.24727e-06 1.09992e-05 7.6527e-06 8.56232e-06 2.28654e-06 1.03509e-05 1.40572e-05 6.70053e-06 0 3.08397e-06 0 3.54058e-06 2.34359e-06 0 2.50747e-06 0 2.97913e-06 0 0 0 0 0 
0 0 2.59101e-06 1.12818e-06 4.06774e-06 0 0 0 6.97907e-06 6.3254e-07 0 5.27615e-07 1.11352e-05 1.03139e-05 8.48055e-07 0 0 8.97026e-06 8.2099e-06 2.21037e-06 0 2.34396e-06 1.03408e-05 1.05211e-05 2.55381e-06 1.52945e-05 1.08554e-05 1.50066e-05 2.03561e-05 2.39493e-05 7.30911e-05 6.37438e-05 8.0593e-05 0.000163448 0.00018459 0.000315069 0.00048612 0.000569064 0.000750474 0.000896134 0.00112288 0.00123278 0.00135393 0.00122102 0.00131411 0.00140707 0.00139958 0.00143338 0.00130868 0.00133087 0.00135362 0.00141924 0.00123751 0.00135311 0.00121876 0.00123524 0.00127626 0.00118761 0.00115358 0.00114212 0.00087088 0.00086936 0.000576183 0.000502321 0.000347773 0.000218049 0.000124714 9.03768e-05 3.23112e-05 4.78225e-05 2.58315e-05 1.90684e-05 1.98695e-05 1.12082e-05 1.59422e-05 4.99792e-06 4.72814e-06 5.23393e-06 5.45097e-06 9.72819e-06 8.21533e-06 5.50694e-06 1.34687e-06 4.5307e-06 1.22641e-05 8.31473e-06 5.48281e-06 1.14565e-05 6.28317e-06 3.18941e-06 0 2.41275e-06 1.95777e-06 0 1.38761e-06 1.59594e-06 0 0 0 0 
0 5.69002e-07 1.75942e-06 2.90539e-06 2.3609e-06 0 0 0 5.36993e-06 0 0 4.35029e-06 2.14987e-05 6.83204e-06 0 0 1.02025e-06 8.01055e-06 1.15481e-05 4.93784e-07 1.07149e-06 2.35354e-06 1.09053e-05 8.34926e-06 2.43118e-06 1.35407e-05 7.39364e-06 2.02122e-05 2.75376e-05 2.57661e-05 6.03253e-05 5.6001e-05 9.4625e-05 0.000176723 0.000190734 0.000319051 0.000487134 0.000605415 0.000788801 0.000888129 0.0010806 0.00120643 0.00136091 0.00120089 0.00139171 0.00144363 0.00130823 0.00139962 0.00129365 0.00136855 0.00137757 0.00144103 0.00124845 0.00141324 0.00127043 0.00121292 0.00127554 0.00122249 0.00118411 0.00117393 0.000874537 0.000924508 0.000579492 0.000481031 0.000336453 0.000219914 0.000144581 0.000109912 4.70969e-05 3.78907e-05 2.82251e-05 3.12073e-05 1.58079e-05 2.09739e-05 2.76341e-05 6.97244e-06 4.22148e-06 6.29099e-06 9.48406e-06 5.11634e-06 1.03862e-05 7.18062e-06 1.00904e-06 4.00074e-06 2.20841e-06 1.54761e-05 7.77161e-06 1.15784e-06 3.42692e-06 4.87916e-06 2.77325e-06 5.18729e-06 2.21773e-06 5.01142e-07 0 2.7914e-06 0 0 0 0 
0 2.65835e-06 1.46547e-06 2.50692e-06 1.99679e-06 0 0 2.2946e-06 1.90702e-06 0 0 2.18612e-06 1.40614e-05 2.94462e-06 0 0 8.86108e-06 1.16687e-06 9.90808e-06 1.0076e-05 3.54008e-06 1.06218e-05 9.5931e-06 1.06925e-05 3.05468e-06 1.78692e-05 1.49698e-05 2.07067e-05 1.94988e-05 3.49946e-05 4.23326e-05 5.33276e-05 0.000100796 0.000183365 0.000212661 0.000327712 0.000542293 0.000654699 0.000792143 0.000903734 0.00110698 0.00128218 0.00137902 0.0012336 0.00135164 0.00140879 0.00140491 0.00137976 0.00125305 0.00137279 0.00146147 0.0014567 0.00128584 0.00142906 0.00131579 0.00127199 0.00131143 0.00126179 0.00121215 0.00114441 0.000863108 0.000913582 0.000618056 0.000484841 0.000345655 0.000205876 0.000127458 0.000103001 5.69755e-05 3.06706e-05 3.2745e-05 2.28158e-05 2.51576e-05 6.91142e-06 1.45248e-05 2.76347e-05 8.04346e-06 1.48892e-06 1.19727e-05 8.08893e-06 6.12426e-06 1.10895e-05 3.72381e-06 6.26315e-06 1.20149e-06 1.53208e-05 4.24738e-06 4.08536e-06 2.60286e-06 7.51308e-06 3.30877e-06 2.1272e-06 1.1502e-06 1.83135e-06 0 4.68673e-07 2.32966e-06 0 0 0 
0 2.2328e-06 3.14449e-06 2.77385e-06 2.41791e-06 0 0 2.58469e-06 3.33207e-06 0 0 9.98976e-06 8.01121e-06 2.37637e-06 0 1.44484e-06 1.17583e-05 4.47176e-06 1.20074e-05 3.03721e-06 7.31864e-06 1.26233e-05 8.08e-06 6.9692e-06 5.40556e-06 1.48987e-05 2.71993e-05 2.59155e-05 3.12531e-05 2.77679e-05 3.73221e-05 6.09908e-05 0.000109578 0.000169692 0.000220257 0.000329215 0.000507922 0.000641652 0.000775112 0.000914899 0.00111724 0.00123356 0.0013929 0.00127166 0.00140591 0.00140153 0.00136325 0.00140209 0.00128499 0.00142389 0.00146933 0.00150752 0.00127139 0.0014525 0.00134136 0.00128755 0.00136132 0.00128952 0.00123247 0.00114477 0.000876591 0.000935219 0.000638837 0.000466938 0.0003535 0.000200093 0.000126494 9.79573e-05 5.81929e-05 3.96137e-05 3.83639e-05 2.72641e-05 2.73129e-05 1.5019e-05 3.7472e-06 3.06938e-05 1.54165e-05 0 1.78581e-06 3.04858e-05 8.89693e-06 1.35425e-05 5.90572e-06 6.61492e-06 4.12386e-06 7.58948e-06 7.3753e-06 1.20271e-06 5.75011e-06 5.8349e-06 1.10534e-05 0 3.54087e-06 4.45291e-06 0 0 2.48442e-06 0 0 0 
1.3687e-06 3.46964e-06 4.60882e-07 0 3.54963e-06 0 0 2.12686e-06 1.13414e-06 0 1.30835e-06 9.58102e-06 3.13681e-06 3.1492e-06 1.7437e-06 2.76604e-06 1.52069e-05 1.13145e-05 5.0786e-06 3.85889e-06 5.26053e-06 6.17284e-06 7.15553e-06 3.85282e-06 8.07703e-06 1.65993e-05 4.75539e-05 2.64189e-05 2.39622e-05 2.66457e-05 4.56771e-05 6.42656e-05 0.000127645 0.000166327 0.000220008 0.000377743 0.000549371 0.00064219 0.000821673 0.000922532 0.00113756 0.00123601 0.00129406 0.00130485 0.00135996 0.0013887 0.00149992 0.00143542 0.00128868 0.00140084 0.00144392 0.0015448 0.00132079 0.00146082 0.00139072 0.00128522 0.00137728 0.00131412 0.0012882 0.00113983 0.000885387 0.000918979 0.000690585 0.000514622 0.000378829 0.000214908 0.000122327 8.97455e-05 6.47943e-05 4.81437e-05 2.88719e-05 2.65369e-05 2.13936e-05 2.98806e-05 3.18476e-06 2.43488e-05 2.0375e-05 1.82407e-06 2.29726e-06 1.20039e-05 2.17448e-05 1.12053e-05 5.59537e-06 9.83116e-06 3.59867e-06 5.96095e-06 9.64913e-06 0 4.87319e-06 4.29622e-06 7.69939e-06 9.30708e-06 0 1.48392e-08 0 0 0 0 0 0 
2.5389e-06 4.46162e-06 0 9.69914e-07 1.6536e-06 0 0 1.22165e-07 0 0 5.70504e-06 7.25435e-06 3.22043e-06 0 4.72926e-06 1.31666e-05 2.94214e-06 1.41135e-05 5.27331e-07 1.0108e-05 1.99773e-06 6.58212e-06 1.33814e-05 8.91388e-07 1.45305e-05 5.27772e-05 2.56989e-05 1.83413e-05 2.44384e-05 2.72573e-05 4.45853e-05 7.60994e-05 0.00010764 0.00020258 0.000204433 0.000369747 0.000501526 0.000666055 0.000798356 0.000982955 0.00110178 0.00126047 0.00129934 0.00140251 0.00142297 0.00137307 0.0015151 0.00142024 0.00131669 0.00143874 0.00142673 0.00157446 0.00135176 0.0014824 0.00140364 0.00135475 0.00135899 0.00133637 0.00127186 0.00113951 0.000888332 0.000940009 0.000682168 0.000508047 0.000403436 0.000253212 0.000146734 9.68167e-05 7.30511e-05 3.98144e-05 2.91244e-05 2.31552e-05 2.34536e-05 2.50184e-05 2.03296e-05 2.01241e-05 2.78876e-05 1.09851e-05 5.65225e-06 5.76971e-06 1.8308e-05 2.83331e-05 1.17115e-05 5.64712e-06 6.63622e-06 8.00751e-06 1.46507e-05 9.45259e-07 2.81659e-06 4.96952e-06 7.13827e-06 8.2034e-06 2.15784e-06 0 0 4.78677e-06 0 0 0 0 
3.3294e-06 3.95152e-06 0 2.79219e-06 0 0 3.08727e-06 3.76604e-08 0 0 8.85255e-06 3.00165e-06 3.07962e-06 2.91267e-06 3.64597e-06 1.56443e-05 3.02078e-06 8.49435e-06 1.58652e-07 1.04622e-05 3.20279e-06 9.19471e-06 9.40286e-06 4.48966e-06 2.29974e-05 4.407e-05 2.19882e-05 2.78724e-05 1.0755e-05 3.02874e-05 5.71778e-05 9.02899e-05 0.00010999 0.000217583 0.000217549 0.000367474 0.000537283 0.000692662 0.000859786 0.00105593 0.00111186 0.00124056 0.00134658 0.00146076 0.00145296 0.0014175 0.00155126 0.00140924 0.00137781 0.00138477 0.00148378 0.00148644 0.00140481 0.00154397 0.00139224 0.00134686 0.00137174 0.00133283 0.00130384 0.00113759 0.000882801 0.000953499 0.000708233 0.000500706 0.000385541 0.000237781 0.000141979 0.000110008 7.10916e-05 4.29784e-05 2.39955e-05 2.26509e-05 2.59609e-05 3.08746e-05 8.82969e-06 2.67471e-05 1.84534e-05 1.34378e-05 4.99029e-06 1.03807e-07 8.88653e-06 8.72892e-06 2.70946e-05 5.52269e-06 6.43912e-06 5.35848e-06 1.13684e-05 4.36549e-06 0 3.20243e-06 6.69828e-06 1.13496e-05 8.04444e-06 0 0 0 1.07606e-05 0 0 0 
7.05708e-06 0 0 2.77209e-06 0 4.29225e-06 2.3682e-06 1.89903e-07 0 2.33938e-06 5.03634e-06 8.28908e-07 2.67136e-06 2.85895e-06 2.87179e-06 1.23103e-05 5.40054e-06 1.00423e-06 6.96018e-06 3.1094e-06 4.17504e-06 1.19547e-05 4.13943e-06 1.26332e-05 3.85787e-05 1.50951e-05 2.6201e-05 2.32657e-05 1.12798e-05 4.57434e-05 4.56439e-05 0.000113705 0.000122924 0.000209394 0.000231066 0.000359275 0.000544995 0.000677086 0.000777791 0.00108975 0.00116752 0.00125419 0.00136992 0.00145007 0.00148131 0.00147397 0.00160309 0.0014738 0.00137593 0.00137889 0.00154453 0.00153449 0.00132605 0.001533 0.00147533 0.00139782 0.00143084 0.0013607 0.00134267 0.00110509 0.000869037 0.000969301 0.000738399 0.000497617 0.000379541 0.000265966 0.000161807 0.000113882 7.86595e-05 6.2589e-05 2.5903e-05 1.87306e-05 1.24009e-05 2.80815e-05 1.96616e-05 1.26355e-05 1.24096e-05 2.29769e-05 1.38012e-05 2.37521e-06 6.46e-06 6.8524e-06 1.14494e-05 8.64498e-06 2.60449e-06 4.21465e-06 1.10409e-05 1.27528e-05 0 2.26064e-06 3.79006e-06 9.11842e-06 4.68255e-06 8.36655e-06 0 0 0 0 0 0 
7.76103e-08 0 0 2.66582e-06 0 3.07915e-07 0 0 6.03825e-07 6.06671e-06 0 2.21349e-06 4.49454e-07 3.39231e-06 7.37467e-06 5.83537e-06 6.77819e-06 0 1.08694e-05 4.18064e-06 3.61677e-06 1.1795e-05 6.22792e-06 1.24979e-05 2.43411e-05 2.21322e-05 2.67754e-05 2.15823e-05 9.93377e-06 4.03821e-05 5.28834e-05 9.83121e-05 0.000147252 0.000210152 0.000258118 0.000377304 0.000577677 0.000665061 0.000798306 0.00103362 0.0011384 0.00126709 0.00143138 0.00145541 0.00150602 0.00138407 0.00168372 0.00157866 0.00142931 0.00141583 0.00158918 0.00160712 0.00134922 0.00154763 0.001498 0.00141839 0.001459 0.00136577 0.00134835 0.00114897 0.000891737 0.000997629 0.000706811 0.000505117 0.000398458 0.000281388 0.000173353 0.000112318 9.03303e-05 5.85422e-05 3.62643e-05 3.46843e-05 9.21081e-06 2.94799e-05 2.81581e-05 4.14539e-06 2.86904e-05 1.80828e-05 9.73558e-06 1.42088e-05 1.01429e-06 7.48147e-06 7.22366e-06 8.35761e-06 7.03736e-06 4.30128e-06 5.71193e-06 6.83761e-06 7.35836e-06 5.60181e-06 0 1.00828e-05 2.42557e-06 9.23391e-06 1.40144e-05 0 0 0 1.33834e-07 0 
0 0 2.5312e-06 9.61752e-07 0 0 0 2.01629e-06 3.59781e-06 2.88594e-06 0 3.40284e-06 0 3.73107e-06 1.07611e-05 7.93906e-06 4.68856e-06 5.4882e-06 1.10666e-05 8.49934e-07 5.42679e-06 1.02434e-05 7.99363e-06 9.03114e-06 3.2388e-05 2.58194e-05 2.21512e-05 1.40643e-05 1.81964e-05 4.03916e-05 6.56462e-05 0.000124261 0.000162278 0.00022584 0.000286196 0.000406179 0.000598041 0.000676031 0.000797291 0.00107407 0.00118317 0.00130392 0.00144396 0.00145339 0.00153463 0.00141559 0.00162987 0.001555 0.00149507 0.0014208 0.00154014 0.00164342 0.00141452 0.00156596 0.0015868 0.0014715 0.00143811 0.00139475 0.00131188 0.00119535 0.00093501 0.00103344 0.000718233 0.000473208 0.000432315 0.000273399 0.000161834 0.000127472 8.77525e-05 7.69617e-05 3.41108e-05 2.65852e-05 9.59007e-06 1.58236e-05 3.70772e-05 1.44775e-05 1.69187e-05 9.69592e-06 7.21876e-06 1.42603e-05 2.01431e-05 5.24578e-06 3.29211e-06 3.02781e-06 1.18781e-05 2.80631e-06 1.83459e-06 3.35113e-06 9.05286e-06 2.84266e-06 2.11957e-06 1.35271e-06 6.16673e-06 5.16196e-07 1.64086e-06 1.12609e-06 0 0 0 0 
0 0 3.17794e-06 0 0 0 0 4.00144e-06 2.21311e-06 6.52286e-06 0 3.14248e-06 0 8.45914e-06 6.5424e-06 6.4565e-06 6.32028e-06 7.65129e-06 9.36038e-06 1.71136e-06 3.03676e-06 7.21879e-06 9.57655e-06 2.11356e-05 3.22268e-05 1.40593e-05 1.80576e-05 1.49626e-05 2.3517e-05 4.88074e-05 7.60805e-05 0.000116934 0.000173401 0.000225812 0.000289647 0.000454422 0.000582121 0.00070732 0.000785742 0.00106998 0.00120251 0.00134494 0.00148006 0.00151949 0.00158916 0.00150162 0.00164412 0.00152906 0.00151558 0.00143407 0.00160257 0.00155581 0.00147026 0.00159491 0.00159751 0.00151237 0.00146869 0.00140723 0.00131306 0.00121621 0.00102407 0.00107493 0.000742238 0.00050421 0.000427926 0.000259255 0.00016425 0.000104809 0.000104505 7.84303e-05 4.18811e-05 3.23648e-05 1.70518e-05 1.70625e-05 4.05641e-05 1.6845e-05 1.54411e-05 6.00886e-06 1.12291e-05 8.64424e-06 1.44226e-05 3.3646e-06 0 4.52256e-07 1.01387e-05 4.70614e-06 0 2.83885e-06 4.31321e-06 8.53958e-06 2.149e-06 0 3.12884e-06 3.34981e-06 3.5158e-06 2.86701e-06 0 0 0 0 
0 0 3.38697e-06 0 0 0 3.4605e-06 0 3.0462e-06 2.42707e-06 3.36941e-06 0 2.78492e-06 1.39492e-05 3.52305e-06 1.07362e-05 8.62352e-06 7.30716e-06 8.69903e-06 8.47676e-06 7.06875e-06 8.17518e-06 1.22866e-05 1.69863e-05 2.56448e-05 2.0423e-05 1.39783e-05 1.28609e-05 4.58287e-05 3.46496e-05 9.78036e-05 0.000130009 0.000178372 0.000230935 0.000281332 0.000421788 0.00058289 0.000683356 0.000869265 0.00107231 0.00119723 0.00137021 0.00150663 0.00154539 0.00156102 0.00154224 0.00163124 0.00162367 0.00150784 0.0014939 0.00161936 0.00164974 0.00153434 0.00166 0.00163208 0.00158887 0.00153118 0.00152113 0.0013366 0.00123514 0.00105451 0.00105652 0.000732651 0.000511821 0.000508808 0.000272229 0.00016192 0.000119434 0.000108542 8.30104e-05 5.27449e-05 3.14761e-05 2.27823e-05 1.25391e-05 2.85229e-05 2.30309e-05 1.24381e-05 5.14478e-06 8.69142e-06 4.99783e-06 1.32601e-05 1.04884e-05 6.0241e-06 2.35446e-06 6.42996e-07 1.30306e-05 0 3.06142e-06 0 1.07345e-05 3.06215e-06 0 1.19438e-06 7.85988e-06 2.1584e-06 5.07545e-06 0 0 0 0 
0 1.20857e-06 2.08983e-06 0 0 0 5.59909e-06 0 5.89633e-06 1.6412e-06 3.01407e-06 0 3.40898e-06 1.67748e-05 9.04447e-06 1.04848e-05 6.10991e-06 9.36958e-06 1.28194e-05 1.05486e-05 8.21148e-06 1.42352e-05 4.6431e-06 2.78603e-05 2.40814e-05 1.52006e-05 1.48313e-05 1.59127e-05 4.14234e-05 5.29045e-05 8.4615e-05 0.000118638 0.000170946 0.000229882 0.000306315 0.000444007 0.000614433 0.000705625 0.000934545 0.0010415 0.00123207 0.00141047 0.00152264 0.00153425 0.00162181 0.00155606 0.00170031 0.00160404 0.00157206 0.00154762 0.00163062 0.00171951 0.00162644 0.00177843 0.00167114 0.0016638 0.001474 0.00158476 0.00137072 0.00123322 0.00101611 0.00103997 0.000814643 0.000587835 0.000472039 0.000286186 0.000171244 0.000142593 0.0001126 7.59208e-05 7.07229e-05 4.47533e-05 2.0469e-05 1.77905e-05 2.25152e-05 2.62676e-05 1.36518e-05 1.23853e-05 6.40719e-06 7.87543e-06 6.83005e-06 8.74214e-06 1.13877e-05 6.9349e-06 0 9.05674e-06 7.42729e-06 1.21109e-06 0 3.30767e-06 6.60752e-06 0 0 0 6.40959e-06 3.23493e-06 3.45787e-06 0 0 0 
0 4.48482e-06 0 0 2.0986e-06 9.09908e-06 3.1503e-06 7.10442e-07 2.88559e-06 5.54833e-06 0 0 0 1.15469e-05 1.01457e-05 1.95797e-05 3.37267e-06 9.94544e-06 1.797e-05 4.90364e-06 1.9204e-05 7.20072e-06 1.38317e-05 2.18416e-05 1.37487e-05 1.00244e-05 1.11942e-05 4.07703e-05 4.33442e-05 5.85881e-05 7.33433e-05 0.000140149 0.000173781 0.000242629 0.000303781 0.000469385 0.000596671 0.000752963 0.000923054 0.00108077 0.00128854 0.0014195 0.00155726 0.00154021 0.00163871 0.00160201 0.00171366 0.00166239 0.00160177 0.00155521 0.00168145 0.00172743 0.00165847 0.00177673 0.0016518 0.00167272 0.00146869 0.00162906 0.00138109 0.00124873 0.00102703 0.00101406 0.000812336 0.000572596 0.000478093 0.000298968 0.000140679 0.000151824 0.000121615 7.55472e-05 7.04868e-05 3.06736e-05 3.42623e-05 2.9955e-05 1.88303e-05 2.88053e-05 1.93228e-05 2.04853e-05 7.58342e-06 7.53618e-06 7.01161e-06 5.64318e-06 8.90757e-06 1.30247e-05 0 2.93718e-06 1.0859e-05 5.4058e-06 0 0 7.0469e-06 4.21636e-06 0 0 7.62665e-06 2.64661e-06 4.01558e-06 0 0 0 
0 3.79833e-06 0 0 8.79089e-06 7.58153e-06 0 4.18503e-06 3.87713e-06 1.9272e-06 0 0 1.20387e-06 1.04795e-05 2.30694e-05 1.17293e-05 1.42388e-05 9.21835e-06 1.57446e-05 8.24689e-06 1.09537e-05 1.41102e-06 1.81721e-05 1.99552e-05 7.29856e-06 1.17673e-05 8.40949e-06 3.15131e-05 5.60604e-05 4.36238e-05 7.10668e-05 0.000158387 0.000203243 0.00023542 0.000324489 0.000462111 0.000594981 0.000790696 0.000960452 0.00109709 0.00134175 0.00142517 0.00154162 0.00160699 0.00163127 0.0016784 0.00181144 0.00182424 0.00165199 0.00162731 0.00173534 0.00178295 0.00170726 0.00170397 0.00171112 0.001773 0.0016173 0.00160458 0.00142132 0.00128447 0.00103634 0.00103053 0.000847726 0.000625959 0.000437207 0.000290118 0.00015115 0.000155498 0.000125649 9.00776e-05 6.86014e-05 3.53499e-05 2.4063e-05 1.91311e-05 1.83698e-05 1.72277e-05 2.01768e-05 1.73782e-05 1.82794e-05 3.78815e-06 8.25737e-06 1.32462e-05 3.84605e-06 1.26953e-05 9.86793e-06 0 9.59837e-06 1.67537e-05 0 3.54696e-06 2.6711e-06 8.58808e-06 0 0 3.19709e-06 9.86401e-06 9.1522e-06 0 0 0 
1.50764e-06 3.21934e-06 0 0 8.61546e-06 4.90183e-06 0 5.44594e-06 8.36097e-06 0 0 0 7.81825e-06 6.89544e-06 6.80473e-06 1.9169e-05 6.22471e-06 1.45552e-05 4.74025e-06 1.16764e-05 6.82432e-06 2.03111e-06 1.6029e-05 1.91465e-05 1.4862e-05 9.53349e-06 1.0454e-05 4.68964e-05 3.78231e-05 4.14496e-05 8.39213e-05 0.00013461 0.000212657 0.000210243 0.00034776 0.000496211 0.00065229 0.000812338 0.00098261 0.0011446 0.0013315 0.00148378 0.00154374 0.0017281 0.00164808 0.00168714 0.00195988 0.00182494 0.00170525 0.00178833 0.00174717 0.00180849 0.00178714 0.00178645 0.00173731 0.00173567 0.00167617 0.0016274 0.00143046 0.00132685 0.00105564 0.00105867 0.000842072 0.000667719 0.000434839 0.000340565 0.00015499 0.000150591 0.000138733 7.64033e-05 7.1857e-05 2.77859e-05 1.5399e-05 2.36592e-05 1.58117e-05 1.20831e-05 2.60305e-05 1.71214e-05 1.48772e-05 1.54758e-05 9.48614e-06 2.03351e-05 4.63134e-06 9.78324e-06 1.34875e-05 9.35567e-06 4.85529e-06 7.56842e-06 6.96146e-06 3.42438e-06 9.89865e-07 1.01377e-05 4.60999e-06 0 0 1.03815e-05 1.00905e-05 3.15402e-06 0 0 
4.82835e-06 0 0 3.3072e-06 7.40339e-06 9.85869e-07 5.53318e-06 8.98316e-06 2.79451e-06 0 0 4.68223e-06 7.82815e-06 4.04668e-06 1.03336e-05 1.95925e-05 9.58503e-06 1.39209e-05 4.37288e-06 1.19633e-05 5.13095e-06 1.99411e-05 2.20312e-05 3.46027e-05 1.61923e-05 9.60663e-06 3.27031e-05 4.17166e-05 4.14287e-05 4.33571e-05 0.000108659 0.000188422 0.000176913 0.000231631 0.000366225 0.000535629 0.000645263 0.000812338 0.000990168 0.00117666 0.00132506 0.00154579 0.00154267 0.00176988 0.00175698 0.00174139 0.0018813 0.00178371 0.00173283 0.00182695 0.00179883 0.00187357 0.00181886 0.00185503 0.00177592 0.0017445 0.0016791 0.0016169 0.00146143 0.00133624 0.00106893 0.00111089 0.00082309 0.00072539 0.000474147 0.000328266 0.000175474 0.000168294 0.000146815 9.46413e-05 5.98956e-05 4.42462e-05 1.16481e-05 2.66484e-05 1.87412e-05 1.9925e-05 2.31805e-05 1.99329e-05 1.95942e-05 2.24937e-05 1.0437e-05 1.48894e-05 1.58668e-05 3.57694e-06 1.08272e-05 9.84765e-06 1.57202e-05 0 1.18687e-05 0 5.60941e-06 3.10652e-06 1.44897e-05 5.6032e-06 0 3.72192e-06 1.01349e-05 8.90177e-06 0 0 
4.66049e-06 0 0 0 7.3163e-06 0 8.97943e-06 1.702e-05 0 0 3.14474e-06 1.03159e-05 1.48413e-06 3.12486e-06 2.42328e-05 1.14744e-06 9.20982e-06 4.34372e-06 7.63682e-06 1.4044e-05 9.34135e-06 1.38252e-05 1.97246e-05 1.61462e-05 1.28389e-05 1.56984e-05 3.34265e-05 4.47044e-05 2.50195e-05 5.95725e-05 0.000113707 0.000153838 0.00015996 0.000247854 0.000358832 0.00056642 0.000618189 0.000885395 0.00101298 0.00119221 0.0014131 0.00156866 0.00151523 0.00181856 0.00182685 0.00178565 0.00189769 0.00178313 0.00185401 0.0019338 0.00188812 0.00184585 0.00182142 0.00192305 0.00186963 0.00178956 0.00174998 0.00169189 0.00151336 0.00131575 0.00113748 0.00117502 0.000836052 0.000731995 0.000451782 0.000356032 0.000189976 0.000204255 0.0001376 0.000108556 6.38864e-05 5.3713e-05 3.46173e-05 1.81114e-05 2.39599e-05 3.04587e-05 3.25078e-05 2.55984e-05 2.48533e-05 2.35316e-05 1.52057e-05 1.06547e-05 2.40437e-05 6.53049e-06 1.10093e-05 7.70449e-06 7.02509e-06 6.93226e-06 1.00454e-05 4.32333e-06 5.22296e-06 0 7.01276e-06 6.747e-06 1.26822e-05 0 9.31865e-06 1.19044e-05 0 0 
6.90241e-06 0 0 4.18507e-06 1.20311e-05 2.48286e-06 1.67157e-05 3.22745e-06 0 3.05823e-06 8.97936e-06 8.85919e-07 4.28845e-06 8.53947e-07 1.30825e-05 6.99469e-06 7.26318e-06 1.44193e-05 8.99914e-06 2.35933e-05 1.8574e-05 1.30969e-05 2.03675e-05 1.23628e-05 1.21211e-05 3.43808e-05 4.64375e-05 4.52797e-05 4.07492e-05 7.03886e-05 0.000122042 0.000158131 0.000171879 0.000267257 0.000374271 0.000555803 0.000662015 0.000890925 0.0010083 0.00117649 0.00138597 0.00164773 0.00161337 0.00183058 0.00195417 0.00184239 0.00198017 0.00178878 0.00181846 0.00206976 0.00196913 0.00190357 0.00186531 0.00196529 0.00195275 0.00180924 0.00180324 0.00172335 0.0016195 0.00137392 0.00117254 0.00114846 0.000861793 0.000788427 0.000449282 0.000355079 0.000230459 0.000186213 0.00014055 9.57229e-05 7.21114e-05 4.88358e-05 4.33778e-05 2.44472e-05 2.29124e-05 3.79247e-05 1.32762e-05 2.64497e-05 3.71318e-05 1.84991e-05 1.4715e-05 1.35021e-05 1.56501e-05 2.52962e-05 1.03499e-05 3.26145e-06 1.42491e-06 0 5.69228e-06 8.85226e-06 0 6.41994e-06 0 1.07132e-05 6.65147e-06 1.07651e-05 1.3168e-06 1.42039e-05 3.23869e-06 0 
8.35844e-06 0 0 9.54048e-06 3.76314e-06 3.60343e-06 5.89286e-06 0 0 8.11713e-06 2.60183e-06 8.80499e-07 3.49879e-06 1.3667e-05 1.24212e-05 4.5075e-06 1.16845e-05 1.15238e-05 9.57914e-06 2.61725e-05 1.77006e-05 9.37727e-06 1.21496e-05 1.42534e-05 1.06052e-05 5.02075e-05 4.87263e-05 2.80636e-05 7.0614e-05 8.15768e-05 0.00011954 0.000194467 0.000174385 0.000320705 0.000374529 0.000585278 0.000634041 0.000907385 0.00108614 0.00119167 0.00149303 0.00165588 0.00172372 0.00190286 0.00200084 0.00190668 0.00206538 0.00189815 0.00187263 0.00218268 0.00208545 0.00206989 0.00199403 0.00203205 0.00205979 0.00192789 0.00189059 0.00173694 0.00166855 0.00145516 0.00122131 0.001161 0.000903042 0.000755418 0.000488507 0.000375721 0.000248183 0.000207582 0.000139051 0.00011714 8.22882e-05 5.30272e-05 4.65462e-05 2.30778e-05 2.2065e-05 2.14304e-05 2.77274e-05 2.21322e-05 2.36276e-05 2.79563e-05 1.15379e-05 1.28073e-05 3.04336e-05 1.19926e-05 1.68465e-05 2.99515e-06 0 1.575e-06 7.67171e-06 5.3063e-06 0 8.29094e-06 0 5.15435e-06 1.36551e-05 1.06083e-05 0 0 6.93596e-06 0 
0 0 2.66079e-06 9.00256e-06 0 8.91619e-06 3.3697e-06 0 0 1.62255e-05 5.18724e-06 7.60137e-06 0 1.29167e-05 2.02881e-07 1.37531e-06 3.27661e-06 2.07624e-05 3.02014e-05 2.4e-05 1.21359e-05 1.13455e-05 6.91889e-06 2.58248e-05 3.11475e-05 5.89917e-05 4.04017e-05 3.19809e-05 7.36736e-05 7.79124e-05 0.000132558 0.000165713 0.000197455 0.000340076 0.000396884 0.000646782 0.000647194 0.000931119 0.0011379 0.00134938 0.00152034 0.00167453 0.0019189 0.00192647 0.00215511 0.00203453 0.00210664 0.00209159 0.0020416 0.00229448 0.00220158 0.0020886 0.00204989 0.00208542 0.00210908 0.00194821 0.00202298 0.00170436 0.00167027 0.00158567 0.00129666 0.00119168 0.000920045 0.000786274 0.000537377 0.00044658 0.000279608 0.000245285 0.000158151 0.000102094 8.99503e-05 5.00831e-05 4.02986e-05 2.96456e-05 1.648e-05 2.41694e-05 2.45976e-05 2.28348e-05 1.41417e-05 2.96912e-05 2.92418e-05 1.1754e-05 2.10297e-05 2.08194e-05 7.24011e-06 2.42631e-05 0 0 1.49871e-05 1.8227e-05 0 0 0 9.12843e-06 3.0955e-06 5.52638e-06 0 0 9.48466e-08 0 
0 0 6.1177e-06 3.2302e-06 0 1.21607e-05 0 0 1.4657e-05 1.27455e-05 1.99215e-05 9.68398e-06 7.98442e-06 4.32154e-06 0 0 1.07452e-05 5.61242e-06 4.35296e-05 1.49275e-05 7.44663e-06 1.4925e-05 4.42578e-06 3.06057e-05 4.30834e-05 4.0994e-05 5.28796e-05 3.14532e-05 8.26167e-05 8.09322e-05 0.000139914 0.000167994 0.000236198 0.000346598 0.000467982 0.00070493 0.000703637 0.00102702 0.0011226 0.00144704 0.0016903 0.00182931 0.00189985 0.00203432 0.00220832 0.00219089 0.00224412 0.00213197 0.00222631 0.00237562 0.00226091 0.00233211 0.0022877 0.00217718 0.00234264 0.00205777 0.00215434 0.00180247 0.00183562 0.00163377 0.00138526 0.00127328 0.000975033 0.000847232 0.000550004 0.000488797 0.000335717 0.000262757 0.000189968 0.000118325 8.8585e-05 6.9331e-05 5.08378e-05 2.25733e-05 2.67782e-05 2.34068e-05 2.30385e-05 3.68352e-05 2.95127e-05 1.94593e-05 1.99459e-05 3.31508e-05 8.68044e-06 2.13509e-05 2.02618e-06 1.8938e-05 0 3.35458e-06 0 1.29188e-05 1.62806e-05 0 2.27695e-06 1.41394e-05 4.22652e-06 5.94561e-06 0 0 5.63979e-08 0 
5.36193e-08 5.83276e-06 0 3.46138e-06 2.61707e-06 1.52471e-05 8.15625e-06 0 2.02975e-05 0 6.8873e-06 0 1.88515e-05 4.93932e-06 0 1.22297e-06 1.59224e-05 2.84992e-05 2.74166e-05 8.1037e-06 1.43063e-05 3.27162e-05 2.30333e-05 1.71328e-05 5.28135e-05 4.61709e-05 5.31519e-05 6.10927e-05 7.43917e-05 7.3576e-05 0.000148268 0.000181887 0.000286653 0.000358098 0.000489855 0.000734993 0.000742381 0.0011151 0.00119387 0.00154689 0.00187007 0.00184768 0.00208393 0.00207477 0.00243608 0.00224416 0.00252604 0.00239141 0.00237693 0.00248859 0.00255063 0.00256636 0.00242592 0.00237817 0.00251585 0.00230855 0.00228348 0.00181954 0.00199996 0.00169677 0.00143446 0.00136651 0.00103631 0.000870657 0.000568692 0.000495002 0.000406811 0.000262372 0.000195789 0.000140417 8.32036e-05 7.147e-05 4.4925e-05 3.2141e-05 3.01584e-05 3.80302e-05 3.12226e-05 1.84965e-05 3.53358e-05 2.57082e-05 2.31498e-05 1.93065e-05 1.25373e-05 6.62286e-06 5.02449e-06 2.38774e-05 0 2.08272e-06 3.67878e-06 0 5.4634e-06 0 2.00569e-06 6.49773e-06 0 1.13308e-05 0 0 0 0 
0 6.23131e-06 1.54657e-06 2.2795e-06 0 1.39859e-05 0 0 2.30745e-05 4.84735e-06 7.32997e-06 0 0 6.38796e-06 0 6.94295e-06 7.70042e-06 5.66996e-05 3.09627e-05 2.665e-06 3.14609e-05 1.63023e-05 3.79553e-05 3.01886e-05 3.54371e-05 2.0394e-05 5.25654e-05 5.89512e-05 8.84334e-05 7.08629e-05 0.000161013 0.000256905 0.000270031 0.00037566 0.00056019 0.000812437 0.000783631 0.00117696 0.00129722 0.00165007 0.00207466 0.00199076 0.00210654 0.00224107 0.0025615 0.00247826 0.00273057 0.00267393 0.00253823 0.00273222 0.00268617 0.00266376 0.00282071 0.00257034 0.0027372 0.00253758 0.00245304 0.00210138 0.00210803 0.00178936 0.00150115 0.00145252 0.00106875 0.000911566 0.000641016 0.000474609 0.000448129 0.000230792 0.000265721 0.000153097 8.18701e-05 7.22679e-05 2.60485e-05 7.82779e-05 3.85595e-05 1.68872e-05 4.8681e-05 3.24126e-05 5.13328e-05 3.09932e-05 1.69441e-05 1.90254e-05 2.12391e-05 6.08826e-06 1.35059e-06 9.59742e-06 0 2.62328e-06 6.61506e-06 0 1.66134e-06 0 0 5.6157e-07 0 7.13645e-06 8.46302e-06 0 0 0 
3.44823e-06 4.47731e-06 4.72253e-06 0 0 8.42926e-07 0 9.00277e-06 0 1.02349e-05 3.7581e-07 0 1.39273e-06 1.26131e-06 0 4.77134e-06 1.04403e-05 2.68093e-05 2.42817e-05 6.33708e-06 4.90591e-06 2.60037e-05 3.57038e-05 2.40257e-05 3.55165e-05 2.91722e-05 7.51515e-05 6.30705e-05 6.40898e-05 8.90639e-05 0.000183119 0.000213081 0.000317582 0.000425356 0.000577829 0.000792814 0.000884088 0.00123215 0.00149752 0.00180301 0.00211999 0.00226144 0.00224826 0.00247829 0.00278734 0.00272488 0.00311853 0.00296012 0.00280314 0.00312496 0.00299621 0.0030633 0.00322239 0.00284448 0.00297027 0.00277654 0.00270359 0.00233247 0.00235254 0.00203061 0.00167174 0.00167406 0.00113988 0.000978691 0.00075824 0.000603878 0.000432683 0.000257551 0.000245949 0.000194824 0.000135341 6.30157e-05 3.71897e-05 4.05136e-05 6.03844e-05 1.7466e-05 3.34279e-05 5.65152e-05 3.5639e-05 4.18343e-05 3.95223e-05 2.02236e-05 2.8703e-05 2.69137e-06 8.07913e-06 7.39591e-06 2.93132e-06 2.00602e-06 7.10263e-06 6.36309e-06 1.07264e-05 0 0 0 0 0 2.16761e-05 0 0 0 
1.81416e-05 0 3.29024e-06 0 0 0 0 7.67199e-06 0 3.29342e-06 1.29617e-05 0 0 0 0 4.97578e-06 1.72567e-05 1.13579e-05 5.35567e-06 6.05565e-06 0 1.82031e-05 1.6197e-05 4.25242e-05 2.88377e-05 3.36949e-05 9.03748e-05 8.67585e-05 6.82446e-05 0.00010147 0.000217286 0.000242849 0.000390677 0.000474263 0.000644185 0.000841038 0.00109589 0.00139217 0.00163193 0.00220474 0.00231747 0.00246946 0.00253154 0.00281085 0.00314063 0.00308139 0.00343216 0.00311385 0.00316798 0.00355184 0.00344013 0.00330614 0.00370878 0.0032186 0.003339 0.00302504 0.00316167 0.00265124 0.00254386 0.00222648 0.00184777 0.0018553 0.00128312 0.00110955 0.000790033 0.000580495 0.000407754 0.000276792 0.000231903 0.000222599 0.000186291 8.94103e-05 2.15066e-05 4.17851e-05 2.88198e-05 3.27984e-05 4.26343e-05 5.57544e-05 3.36118e-05 2.5578e-05 8.6315e-06 1.41188e-05 2.10423e-05 2.00019e-05 1.75226e-05 9.24603e-08 1.43807e-05 1.2677e-05 7.05253e-06 7.60613e-06 1.00832e-05 0 0 0 0 0 2.44229e-05 0 0 0 
0 0 4.45801e-06 0 0 0 0 1.30963e-05 0 6.92748e-06 0 0 0 0 0 5.73969e-06 3.54876e-05 7.89667e-06 6.6614e-06 2.82999e-06 1.09453e-05 1.08833e-05 2.90759e-05 2.74246e-05 1.88667e-05 6.17147e-05 8.07853e-05 8.51275e-05 9.37641e-05 0.000139071 0.000197408 0.000236118 0.000416157 0.000526179 0.000713377 0.00093449 0.00124615 0.0013725 0.00181625 0.00241495 0.00253459 0.00284609 0.00300103 0.00321573 0.00342985 0.00356765 0.00366676 0.0034789 0.00357566 0.00383517 0.0037815 0.00361652 0.00399465 0.00364868 0.00382745 0.0034729 0.00353594 0.00299527 0.00285843 0.00240323 0.00198675 0.00208829 0.00148808 0.00128426 0.000805373 0.000699543 0.000458957 0.000314196 0.000204862 0.000240304 0.000178678 8.60519e-05 2.21882e-05 5.19717e-05 4.04546e-05 5.09707e-05 2.46427e-05 2.76929e-05 1.07967e-05 1.54626e-05 1.47807e-05 1.54951e-05 3.94974e-05 1.55924e-05 0 1.18598e-07 9.84926e-06 1.16325e-05 5.68202e-06 0 0 0 0 0 0 0 0 0 0 0 
0 0 2.36921e-06 0 0 0 0 0 0 7.37693e-06 0 0 0 0 0 6.58034e-06 0 1.16793e-05 9.05335e-06 0 0 1.40339e-05 2.83984e-05 1.79172e-06 1.81348e-05 7.82574e-05 7.41524e-05 9.93154e-05 8.1697e-05 0.000148167 0.000223197 0.000258358 0.000417872 0.000623734 0.000725437 0.000946848 0.00123568 0.00142531 0.00210127 0.00244584 0.00262658 0.00289529 0.00316817 0.00334091 0.00352007 0.00365101 0.00369311 0.0037446 0.00356323 0.00379455 0.00375387 0.00418994 0.00409289 0.00352803 0.00383596 0.00342927 0.00349138 0.0030728 0.00288213 0.00262263 0.00218789 0.00209235 0.00149504 0.00146331 0.000983348 0.000775942 0.000448727 0.000385133 0.000220994 0.000235824 0.000144186 0.000110553 4.62217e-05 1.51882e-05 3.09597e-05 4.15011e-05 1.29558e-05 2.34891e-05 1.15784e-05 7.91397e-06 1.56901e-05 2.28689e-05 6.72967e-06 2.58091e-05 0 0 1.60384e-05 0 1.1637e-05 0 0 0 0 0 0 0 0 0 0 0 
0 0 0 0 0 0 0 0 0 1.04905e-05 0 0 0 0 5.54391e-06 3.12268e-06 0 9.58003e-06 9.65269e-06 0 0 1.982e-05 1.29698e-05 0 8.39271e-06 5.29306e-05 6.1255e-05 8.58894e-05 5.27459e-05 0.000104439 0.000212531 0.000301179 0.000424229 0.000638837 0.000646849 0.000976547 0.00118364 0.00155225 0.00202592 0.00226611 0.00257291 0.00280408 0.00322067 0.00303637 0.00319371 0.00323397 0.00313602 0.00314572 0.00319788 0.00339949 0.00322956 0.00328016 0.00386863 0.00321536 0.00361339 0.00306588 0.00328239 0.00286598 0.00250712 0.00228528 0.00214315 0.00225129 0.0014915 0.00134744 0.00106628 0.000729472 0.000458834 0.000389079 0.000219326 0.000267992 0.00014221 5.53574e-05 6.0084e-05 3.62204e-06 1.6737e-05 2.68485e-05 1.0392e-05 1.72629e-05 1.85267e-05 0 1.70512e-05 0 1.15067e-05 5.51328e-06 0 0 5.80518e-07 0 1.18821e-05 0 0 0 0 0 0 0 0 0 0 0 
0 0 0 0 0 0 0 0 0 1.0889e-05 0 0 0 0 1.53282e-05 0 0 1.3998e-05 0 0 0 5.80867e-06 0 0 6.88574e-06 3.25938e-05 8.52674e-05 9.54264e-05 4.76456e-05 0.000133193 0.000203766 0.00035067 0.000416425 0.000556328 0.000530511 0.000899398 0.00108006 0.00142321 0.00183699 0.00186818 0.00189343 0.00219079 0.00243622 0.00233266 0.00232363 0.00231869 0.0021999 0.00230431 0.00236493 0.00248867 0.00213096 0.00252828 0.00260705 0.00241091 0.00264736 0.00234747 0.00269893 0.00217096 0.00192919 0.00188118 0.00164231 0.00189156 0.00126579 0.00110544 0.000935706 0.000701209 0.000443799 0.000409342 0.000262885 0.000281849 0.000105045 7.82416e-05 3.45442e-05 2.12816e-05 2.54545e-05 2.1521e-05 3.10255e-05 0 2.77494e-05 0 0 0 1.3945e-05 4.1833e-06 0 0 0 0 0 0 0 0 0 0 0 0 0 0 0 0 
0 0 0 0 0 0 0 0 0 0 0 0 0 0 0 0 0 0 0 0 0 0 0 0 2.65757e-05 5.10655e-06 7.95917e-05 3.98643e-05 4.07212e-05 9.63943e-05 0.000199848 0.000239206 0.000341208 0.000486509 0.000450784 0.000799729 0.000956082 0.00108536 0.00132714 0.00143389 0.00148749 0.00154841 0.00148629 0.00139656 0.00152519 0.00152445 0.00116627 0.00142887 0.00128889 0.00122287 0.00131469 0.0013992 0.00150429 0.00142612 0.00155777 0.00172345 0.00177193 0.00137029 0.0015404 0.00134955 0.00116122 0.00141802 0.000904524 0.000881957 0.000693445 0.000617019 0.000425659 0.000381779 0.000214116 0.000188748 6.23608e-05 3.69195e-05 3.80803e-05 1.68218e-05 0 1.81003e-05 3.34839e-05 0 0 2.36753e-07 0 0 1.62657e-05 7.15284e-06 0 0 0 0 0 0 0 0 0 0 0 0 0 0 0 0 
0 0 0 0 0 0 0 0 0 0 0 2.81388e-07 0 0 0 0 0 1.54856e-05 0 0 0 0 0 0 1.72203e-05 0 2.1873e-05 3.89228e-05 3.22717e-05 5.11988e-05 0.000207078 0.000167168 0.00024565 0.000211252 0.000415947 0.000622062 0.000651054 0.000640823 0.000949333 0.000900396 0.000763343 0.000824109 0.000861328 0.000753783 0.000689848 0.000611546 0.000629463 0.000799042 0.000616907 0.000477084 0.000550854 0.000647175 0.000704012 0.000555409 0.000820328 0.000771308 0.000938497 0.000753094 0.00082617 0.000756348 0.00059053 0.000854112 0.000655292 0.000540695 0.000355757 0.000329864 0.000225976 0.000179428 0.000180827 0.000110146 4.17765e-05 1.13034e-05 2.3592e-05 1.42377e-05 0 0 3.88132e-05 0 0 0 0 0 0 7.00041e-06 0 0 0 0 0 0 0 0 0 0 0 0 0 0 0 0 
0 0 0 0 0 0 0 0 0 0 0 0 0 0 0 0 0 0 0 0 0 0 0 0 0 0 0 4.85648e-05 8.71786e-06 5.37231e-05 6.84985e-05 4.97408e-05 6.39653e-05 0.000133583 0.000276509 0.000295593 0.000217273 0.000289928 0.000397341 0.000396342 0.000225768 0.000382081 0.000470288 0.00023116 0.000206104 0.000240708 0.000195057 0.000231734 0.000140535 0.000113314 0.000250128 0.000213775 0.000149257 0.000199017 0.000253027 0.000316748 0.0003829 0.000361241 0.000462515 0.000315092 0.000337467 0.000434052 0.000375859 0.00034797 0.000231812 0.000217421 0.000102669 5.6279e-05 6.10347e-05 2.41184e-05 0 1.04619e-05 2.87684e-05 0 0 0 1.37873e-05 0 0 0 0 0 0 9.50862e-06 0 0 0 0 0 0 0 0 0 0 0 0 0 0 0 0 
0 0 0 0 0 0 0 0 0 0 0 8.89764e-07 0 0 0 0 0 0 0 0 0 0 0 0 0 0 8.93646e-06 1.98125e-05 1.66487e-05 2.40817e-05 1.19864e-05 3.06681e-05 2.33619e-05 4.94591e-05 7.63552e-05 9.59356e-05 4.14897e-05 0.00015955 0.000108287 0.000130175 9.23191e-05 0.000134234 7.30196e-05 7.16171e-05 6.6549e-05 0.000108946 4.61316e-05 4.79296e-05 4.65937e-05 2.63154e-05 3.6866e-05 6.92922e-05 0 0.00010396 5.0134e-05 6.96993e-05 0.000182772 0.000171782 0.00012418 0.000127208 0.000100006 0.000169045 0.000175643 0.000124718 8.04276e-05 9.20406e-05 0.00010424 7.78978e-06 1.16479e-05 0 2.48796e-05 1.09052e-05 0 0 0 0 0 0 0 0 0 0 0 1.34019e-05 0 0 0 0 0 0 0 0 0 0 0 0 0 0 0 0 
0 0 0 0 0 0 0 0 0 0 0 4.33695e-06 0 0 0 0 0 0 0 0 0 0 0 0 0 0 5.75843e-06 0 0 0 0 0 0 2.22939e-05 0.000101458 2.33423e-05 2.35849e-05 5.37729e-05 4.22512e-05 7.08409e-05 1.02544e-05 1.91141e-05 1.03731e-05 2.74215e-05 1.5341e-05 2.00899e-05 2.47692e-06 0 1.66531e-05 0 1.81751e-07 0 0 0 0 0 2.53455e-05 1.09606e-05 5.15525e-05 5.83783e-05 2.51083e-05 7.52721e-06 9.3943e-05 4.26473e-05 6.30733e-06 3.40592e-05 2.23328e-05 0 7.89383e-06 0 0 1.00445e-05 0 0 0 0 0 0 0 0 0 0 0 0 0 0 0 0 0 0 0 0 0 0 0 0 0 0 0 0 
0 0 0 0 0 0 0 0 0 0 0 5.39616e-06 0 0 0 0 0 0 0 0 0 0 0 0 0 0 0 0 0 1.45675e-05 0 0 0 0 2.10426e-05 0 0 0 0 1.1739e-05 0 0 0 1.72213e-05 0 0 0 0 0 0 0 0 0 0 0 7.93658e-06 5.64412e-06 8.99661e-06 1.16427e-05 8.39141e-06 0 0 3.85372e-06 3.16227e-05 0 0 0 0 0 0 0 0 0 0 0 0 0 0 0 0 0 0 0 0 0 0 0 0 0 0 0 0 0 0 0 0 0 0 0 0 
0 0 0 0 0 0 0 0 0 0 0 6.52688e-06 0 0 0 0 0 0 0 0 0 0 0 0 0 0 0 0 0 6.03643e-08 0 0 0 0 0 0 0 0 0 0 0 0 0 0 0 0 0 0 0 0 0 0 0 0 0 0 0 0 0 1.65313e-05 0 0 0 1.46749e-05 0 0 0 0 0 0 0 0 0 0 0 0 0 0 0 0 0 0 0 0 0 0 0 0 0 0 0 0 0 0 0 0 0 0 0 0 
0 0 0 0 0 0 0 0 0 0 2.93914e-06 2.37272e-06 0 0 0 0 0 0 8.58315e-07 0 0 0 0 0 0 0 0 0 0 0 0 0 0 0 0 0 0 0 0 0 0 0 0 0 0 0 0 0 0 0 0 0 0 0 0 0 0 0 0 0 0 0 0 3.16979e-06 0 0 0 0 0 0 0 0 0 0 0 0 0 0 0 1.02693e-07 1.12577e-07 0 0 0 0 0 0 0 0 0 0 0 0 0 0 0 0 0 0 0 
0 0 0 0 0 0 0 1.2671e-05 0 0 9.66947e-06 1.70688e-08 1.62568e-07 0 0 0 0 0 0 0 0 0 0 0 0 0 0 0 0 0 0 0 0 0 0 0 0 0 0 0 0 0 0 0 0 0 0 0 0 0 0 0 0 0 0 0 0 0 0 0 0 0 0 0 0 0 0 0 0 0 0 0 0 0 0 0 0 0 0 0 0 0 0 0 0 0 0 0 0 0 0 0 0 0 0 0 0 0 0 0 
0 0 0 0 0 0 0 0 0 0 5.4733e-06 0 0 0 0 0 0 0 0 0 0 0 0 0 1.11819e-07 1.52807e-07 0 0 0 0 0 0 0 0 0 0 0 0 0 0 0 0 0 0 0 0 0 0 0 0 0 0 0 0 0 0 0 0 0 0 0 0 0 0 0 0 0 0 0 0 0 0 0 0 0 0 0 0 0 0 0 0 0 0 0 0 0 0 0 0 0 0 0 0 0 0 0 0 0 0 
0 0 0 0 0 0 0 0 0 0 0 0 0 0 0 0 0 0 0 0 0 0 1.2954e-07 8.65841e-07 2.67163e-07 0 0 0 0 0 0 0 0 0 0 0 0 0 0 0 0 0 0 0 0 0 0 0 0 0 0 0 0 0 0 0 0 0 0 0 0 0 0 0 0 0 0 0 0 0 0 0 0 0 0 0 0 0 0 0 0 0 0 0 0 0 0 0 0 0 0 0 0 0 0 0 0 0 0 0 
0 0 0 0 0 0 0 0 0 0 0 0 0 0 0 0 0 0 0 0 0 0 0 0 0 0 0 0 0 0 0 0 0 0 0 0 0 0 0 0 0 0 0 0 0 0 0 0 0 0 0 0 0 0 0 0 0 0 0 0 0 0 0 0 0 0 0 0 0 0 0 0 0 0 0 0 0 0 0 0 0 0 0 0 0 0 0 0 0 0 0 0 0 0 0 0 0 0 0 0 
0 0 0 0 0 0 0 0 0 0 0 0 0 0 0 0 0 0 0 0 0 0 0 0 0 0 0 0 0 0 0 0 0 0 0 0 0 0 0 0 0 0 0 0 0 0 0 0 0 0 0 0 0 0 0 0 0 0 0 0 0 0 0 0 0 0 0 0 0 0 0 0 0 0 0 0 0 0 0 0 0 0 0 0 0 0 0 0 0 0 0 0 0 0 0 0 0 0 0 0 
0 0 0 0 0 0 0 0 0 0 0 0 0 0 0 0 0 0 0 0 0 0 0 0 0 0 0 0 0 0 0 0 0 0 0 0 0 0 0 0 0 0 0 0 0 0 0 0 0 0 0 0 0 0 0 0 0 0 0 0 0 0 0 0 0 0 0 0 0 0 0 0 0 0 0 0 0 0 0 0 0 0 0 0 0 0 0 0 0 0 0 0 0 0 0 0 0 0 0 0 
0 0 0 0 0 0 0 0 0 0 0 0 0 0 0 0 0 0 0 0 0 0 0 0 0 0 0 0 0 0 0 0 0 0 0 0 0 0 0 0 0 0 0 0 0 0 0 0 0 0 0 0 0 0 0 0 0 0 0 0 0 0 0 0 0 0 0 0 0 0 0 0 0 0 0 0 0 0 0 0 0 0 0 0 0 0 0 0 0 0 0 0 0 0 0 0 0 0 0 0 
0 0 0 0 0 0 0 0 0 0 0 0 0 0 0 0 0 0 0 0 0 0 0 0 0 0 0 0 0 0 0 0 0 0 0 0 0 0 0 0 0 0 0 0 0 0 0 0 0 0 0 0 0 0 0 0 0 0 0 0 0 0 0 0 0 0 0 0 0 0 0 0 0 0 0 0 0 0 0 0 0 0 0 0 0 0 0 0 0 0 0 0 0 0 0 0 0 0 0 0 
0 0 0 0 0 0 0 0 0 0 0 0 0 0 0 0 0 0 0 0 0 0 0 0 0 0 0 0 0 0 0 0 0 0 0 0 0 0 0 0 0 0 0 0 0 0 0 0 0 0 0 0 0 0 0 0 0 0 0 0 0 0 0 0 0 0 0 0 0 0 0 0 0 0 0 0 0 0 0 0 0 0 0 0 0 0 0 0 0 0 0 0 0 0 0 0 0 0 0 0 
0 0 0 0 0 0 0 0 0 0 0 0 0 0 0 0 0 0 0 0 0 0 0 0 0 0 0 0 0 0 0 0 0 0 0 0 0 0 0 0 0 0 0 0 0 0 0 0 0 0 0 0 0 0 0 0 0 0 0 0 0 0 0 0 0 0 0 0 0 0 0 0 0 0 0 0 0 0 0 0 0 0 0 0 0 0 0 0 0 0 0 0 0 0 0 0 0 0 0 0 
0 0 0 0 0 0 0 0 0 0 0 0 0 0 0 0 0 0 0 0 0 0 0 0 0 0 0 0 0 0 0 0 0 0 0 0 0 0 0 0 0 0 0 0 0 0 0 0 0 0 0 0 0 0 0 0 0 0 0 0 0 0 0 0 0 0 0 0 0 0 0 0 0 0 0 0 0 0 0 0 0 0 0 0 0 0 0 0 0 0 0 0 0 0 0 0 0 0 0 0 
0 0 0 0 0 0 0 0 0 0 0 0 0 0 0 0 0 0 0 0 0 0 0 0 0 0 0 0 0 0 0 0 0 0 0 0 0 0 0 0 0 0 0 0 0 0 0 0 0 0 0 0 0 0 0 0 0 0 0 0 0 0 0 0 0 0 0 0 0 0 0 0 0 0 0 0 0 0 0 0 0 0 0 0 0 0 0 0 0 0 0 0 0 0 0 0 0 0 0 0 
0 0 0 0 0 0 0 0 0 0 0 0 0 0 0 0 0 0 0 0 0 0 0 0 0 0 0 0 0 0 0 0 0 0 0 0 0 0 0 0 0 0 0 0 0 0 0 0 0 0 0 0 0 0 0 0 0 0 0 0 0 0 0 0 0 0 0 0 0 0 0 0 0 0 0 0 0 0 0 0 0 0 0 0 0 0 0 0 0 0 0 0 0 0 0 0 0 0 0 0 
0 0 0 0 0 0 0 0 0 0 0 0 0 0 0 0 0 0 0 0 0 0 0 0 0 0 0 0 0 0 0 0 0 0 0 0 0 0 0 0 0 0 0 0 0 0 0 0 0 0 0 0 0 0 0 0 0 0 0 0 0 0 0 0 0 0 0 0 0 0 0 0 0 0 0 0 0 0 0 0 0 0 0 0 0 0 0 0 0 0 0 0 0 0 0 0 0 0 0 0 
0 0 0 0 0 0 0 0 0 0 0 0 0 0 0 0 0 0 0 0 0 0 0 0 0 0 0 0 0 0 0 0 0 0 0 0 0 0 0 0 0 0 0 0 0 0 0 0 0 0 0 0 0 0 0 0 0 0 0 0 0 0 0 0 0 0 0 0 0 0 0 0 0 0 0 0 0 0 0 0 0 0 0 0 0 0 0 0 0 0 0 0 0 0 0 0 0 0 0 0 
0 0 0 0 0 0 0 0 0 0 0 0 0 0 0 0 0 0 0 0 0 0 0 0 0 0 0 0 0 0 0 0 0 0 0 0 0 0 0 0 0 0 0 0 0 0 0 0 0 0 0 0 0 0 0 0 0 0 0 0 0 0 0 0 0 0 0 0 0 0 0 0 0 0 0 0 0 0 0 0 0 0 0 0 0 0 0 0 0 0 0 0 0 0 0 0 0 0 0 0 
0 0 0 0 0 0 0 0 0 0 0 0 0 0 0 0 0 0 0 0 0 0 0 0 0 0 0 0 0 0 0 0 0 0 0 0 0 0 0 0 0 0 0 0 0 0 0 0 0 0 0 0 0 0 0 0 0 0 0 0 0 0 0 0 0 0 0 0 0 0 0 0 0 0 0 0 0 0 0 0 0 0 0 0 0 0 0 0 0 0 0 0 0 0 0 0 0 0 0 0 
0 0 0 0 0 0 0 0 0 0 0 0 0 0 0 0 0 0 0 0 0 0 0 0 0 0 0 0 0 0 0 0 0 0 0 0 0 0 0 0 0 0 0 0 0 0 0 0 0 0 0 0 0 0 0 0 0 0 0 0 0 0 0 0 0 0 0 0 0 0 0 0 0 0 0 0 0 0 0 0 0 0 0 0 0 0 0 0 0 0 0 0 0 0 0 0 0 0 0 0 
0 0 0 0 0 0 0 0 0 0 0 0 0 0 0 0 0 0 0 0 0 0 0 0 0 0 0 0 0 0 0 0 0 0 0 0 0 0 0 0 0 0 0 0 0 0 0 0 0 0 0 0 0 0 0 0 0 0 0 0 0 0 0 0 0 0 0 0 0 0 0 0 0 0 0 0 0 0 0 0 0 0 0 0 0 0 0 0 0 0 0 0 0 0 0 0 0 0 0 0 
0 0 0 0 0 0 0 0 0 0 0 0 0 0 0 0 0 0 0 0 0 0 0 0 0 0 0 0 0 0 0 0 0 0 0 0 0 0 0 0 0 0 0 0 0 0 0 0 0 0 0 0 0 0 0 0 0 0 0 0 0 0 0 0 0 0 0 0 0 0 0 0 0 0 0 0 0 0 0 0 0 0 0 0 0 0 0 0 0 0 0 0 0 0 0 0 0 0 0 0 
0 0 0 0 0 0 0 0 0 0 0 0 0 0 0 0 0 0 0 0 0 0 0 0 0 0 0 0 0 0 0 0 0 0 0 0 0 0 0 0 0 0 0 0 0 0 0 0 0 0 0 0 0 0 0 0 0 0 0 0 0 0 0 0 0 0 0 0 0 0 0 0 0 0 0 0 0 0 0 0 0 0 0 0 0 0 0 0 0 0 0 0 0 0 0 0 0 0 0 0 
0 0 0 0 0 0 0 0 0 0 0 0 0 0 0 0 0 0 0 0 0 0 0 0 0 0 0 0 0 0 0 0 0 0 0 0 0 0 0 0 0 0 0 0 0 0 0 0 0 0 0 0 0 0 0 0 0 0 0 0 0 0 0 0 0 0 0 0 0 0 0 0 0 0 0 0 0 0 0 0 0 0 0 0 0 0 0 0 0 0 0 0 0 0 0 0 0 0 0 0 
0 0 0 0 0 0 0 0 0 0 0 0 0 0 0 0 0 0 0 0 0 0 0 0 0 0 0 0 0 0 0 0 0 0 0 0 0 0 0 0 0 0 0 0 0 0 0 0 0 0 0 0 0 0 0 0 0 0 0 0 0 0 0 0 0 0 0 0 0 0 0 0 0 0 0 0 0 0 0 0 0 0 0 0 0 0 0 0 0 0 0 0 0 0 0 0 0 0 0 0 
0 0 0 0 0 0 0 0 0 0 0 0 0 0 0 0 0 0 0 0 0 0 0 0 0 0 0 0 0 0 0 0 0 0 0 0 0 0 0 0 0 0 0 0 0 0 0 0 0 0 0 0 0 0 0 0 0 0 0 0 0 0 0 0 0 0 0 0 0 0 0 0 0 0 0 0 0 0 0 0 0 0 0 0 0 0 0 0 0 0 0 0 0 0 0 0 0 0 0 0 
