#################################### 
# Matrix Size= (40,50,0.275)
# Resol      = (100,100,1)
# VoxelSize  = (0.4,0.5,0.275)
# nbVal      = 10000
#################################### 
0 0 0 1.35149e-06 0 1.46047e-06 1.16873e-06 3.79606e-07 2.11336e-06 1.75583e-06 0 1.36604e-06 2.05925e-06 5.76351e-06 0 6.58124e-07 1.9721e-06 2.6566e-06 0 1.81055e-06 4.23772e-06 4.22479e-06 6.7e-06 8.94227e-06 1.56402e-06 8.49046e-06 5.73914e-06 8.72448e-06 5.64634e-06 9.63524e-06 1.24818e-05 4.20731e-06 9.34173e-06 5.34888e-05 6.75641e-05 0.000144119 0.000248356 0.000472842 0.000645308 0.000872332 0.000917969 0.00095694 0.0010023 0.000923042 0.00096484 0.000961408 0.00101995 0.00104974 0.00103298 0.00108882 0.00106184 0.000992705 0.00105564 0.00102217 0.000961394 0.0010144 0.00111722 0.00114268 0.00100431 0.000873256 0.000892162 0.000704998 0.000500214 0.000258948 0.000102565 6.06593e-05 5.03666e-05 1.67903e-05 1.0416e-05 5.31805e-06 1.26645e-05 1.0438e-05 1.19604e-05 3.47571e-06 4.8253e-06 9.17994e-06 6.30377e-06 2.04421e-06 6.46656e-06 4.31922e-06 2.34012e-06 1.12608e-05 5.01498e-06 2.68734e-06 7.45267e-06 6.25087e-07 2.64157e-06 3.44304e-06 1.6791e-06 1.21842e-06 2.43139e-07 7.54775e-07 0 0 0 1.78717e-06 0 0 0 0 
0 0 1.72713e-06 0 2.99221e-07 1.6228e-06 9.61612e-07 1.97696e-06 1.36661e-06 1.65028e-06 2.49048e-06 2.60131e-06 1.42498e-05 1.37502e-06 1.13335e-06 2.47585e-07 1.20198e-06 3.05776e-06 0 2.42857e-06 3.8956e-06 3.02699e-06 1.53204e-05 2.9855e-06 5.53202e-06 7.67788e-06 2.13538e-06 6.67552e-06 1.2081e-05 1.29599e-05 1.19069e-05 9.61997e-06 1.77138e-05 3.48759e-05 5.57775e-05 0.000150958 0.000254305 0.000485376 0.000653302 0.000912072 0.000903992 0.000974958 0.00103243 0.000990044 0.000960769 0.000958348 0.0010337 0.00106424 0.00105509 0.00114751 0.00104323 0.000994332 0.00107174 0.00107825 0.00095507 0.00105385 0.00110484 0.00112454 0.00101654 0.000891476 0.000878911 0.000717816 0.000479338 0.000263649 0.000146702 5.38672e-05 4.73864e-05 1.76166e-05 1.77098e-05 4.22966e-06 7.27385e-06 1.11468e-05 8.21648e-06 6.4258e-06 8.2487e-06 3.27612e-06 1.61804e-05 2.44476e-06 2.18307e-06 8.03706e-06 7.95676e-07 8.09772e-07 4.70858e-06 1.87648e-06 1.34094e-06 1.72682e-06 1.67867e-06 1.45629e-06 1.64217e-06 0 1.37652e-06 9.53839e-07 9.37602e-07 0 0 1.60973e-06 8.93413e-07 0 0 0 
0 0 0 3.24932e-07 1.53997e-06 6.07209e-07 2.24842e-06 6.49769e-07 1.77055e-06 2.43194e-06 2.15843e-06 0 9.83801e-07 1.47471e-06 1.96187e-06 2.00922e-06 3.26273e-06 1.46802e-06 0 3.49179e-06 7.64675e-07 2.83624e-06 3.31872e-06 4.66192e-06 9.94471e-06 8.05782e-07 3.7087e-06 8.82846e-06 1.71255e-05 1.10712e-05 6.4898e-06 1.21513e-05 1.90853e-05 3.05045e-05 6.18053e-05 0.000150003 0.000284455 0.000503992 0.000664486 0.000876112 0.000929711 0.000969015 0.00104366 0.0010093 0.000961905 0.000980835 0.00106344 0.00105372 0.00110471 0.00108039 0.00106287 0.000989642 0.00103084 0.00104053 0.000988028 0.00105829 0.00109202 0.00112654 0.00104922 0.000886434 0.00091364 0.000722695 0.000510022 0.000287018 0.000110288 6.64309e-05 4.80953e-05 2.66762e-05 1.14761e-05 1.25182e-05 5.79677e-06 1.46872e-05 5.86592e-06 3.10466e-06 9.70768e-06 8.02132e-06 1.23846e-05 5.95157e-06 5.12667e-06 7.45025e-06 1.73677e-06 0 5.25723e-06 8.24548e-07 1.02829e-06 0 3.34118e-06 1.94558e-06 3.06738e-07 0 1.92805e-06 1.16224e-06 2.32092e-06 0 0 2.73734e-07 2.40156e-06 0 0 0 
0 0 0 1.7945e-06 0 2.81042e-06 0 1.52404e-06 2.3671e-06 2.73403e-06 3.37707e-07 2.05851e-06 1.96313e-06 1.77615e-06 4.71545e-06 2.85087e-06 7.69054e-06 0 2.61338e-06 9.43792e-07 1.90387e-06 0 4.30186e-06 7.49449e-06 7.94416e-06 2.41652e-06 2.92307e-06 6.05646e-06 1.42949e-05 1.14845e-05 1.82113e-05 1.2347e-05 2.05987e-05 4.32056e-05 7.55437e-05 0.000153574 0.000290969 0.00050998 0.000668309 0.000865252 0.000930604 0.000956347 0.0010501 0.00100682 0.000982354 0.000991248 0.00104608 0.00108039 0.00105199 0.00110522 0.00107709 0.00101365 0.00102652 0.00113051 0.000976046 0.00107676 0.00108363 0.00107696 0.0010328 0.000882645 0.000859179 0.000736126 0.00049476 0.000302942 0.000126262 7.01708e-05 4.73084e-05 2.87669e-05 1.0951e-05 7.92214e-06 1.31546e-05 2.61911e-05 1.03641e-05 1.29467e-06 5.26427e-06 3.43521e-06 5.76133e-06 5.8243e-06 1.07983e-05 7.04178e-06 3.92583e-06 0 3.97904e-06 4.81052e-06 1.40866e-06 0 1.98063e-06 1.63292e-06 2.0738e-06 0 0 1.22369e-06 0 2.36561e-06 0 0 1.67571e-06 0 0 0 
0 0 9.98719e-07 0 2.65512e-06 1.51075e-06 1.37006e-06 3.24291e-07 2.67543e-06 0 2.09319e-06 0 2.52847e-06 1.0771e-05 6.9382e-06 7.56621e-06 3.02448e-06 0 4.27089e-06 0 2.17108e-06 1.53932e-06 7.26999e-06 1.01164e-05 8.42269e-06 6.96262e-06 3.35699e-06 6.11349e-06 9.21139e-06 1.05125e-05 1.38603e-05 1.88578e-05 2.18642e-05 3.2395e-05 7.34197e-05 0.000157586 0.000261564 0.00054078 0.000660462 0.000861391 0.000900975 0.000995 0.00106775 0.000993475 0.00097133 0.000981157 0.00105075 0.00111031 0.00106382 0.00106995 0.00113322 0.00100255 0.00104034 0.0010997 0.000989847 0.00107138 0.00108892 0.00108094 0.0010449 0.000884205 0.000858495 0.00072709 0.000478482 0.000299205 0.000155783 6.25032e-05 4.27814e-05 3.18092e-05 1.00536e-05 1.00028e-05 7.80643e-06 2.11164e-05 1.8232e-05 1.73517e-06 3.00203e-06 4.40137e-06 1.11956e-06 8.7151e-06 1.18325e-06 8.13157e-06 4.61476e-06 5.69311e-07 1.54875e-06 6.77357e-06 3.01863e-06 2.27172e-06 0 2.78493e-06 1.1617e-06 6.51297e-08 0 1.13988e-06 2.31732e-06 1.13972e-06 1.83534e-06 0 0 1.94826e-06 0 1.54968e-06 
0 0 0 4.29082e-06 2.36021e-06 0 0 3.89548e-06 9.72969e-07 2.05758e-06 2.67423e-07 1.24437e-06 5.2341e-06 1.93117e-05 8.23139e-06 2.69144e-07 0 1.19757e-06 4.47894e-06 0 2.81633e-06 2.68507e-06 6.5386e-06 5.04591e-06 6.97414e-06 6.969e-07 2.1267e-06 5.85548e-06 1.27733e-05 1.32544e-05 1.06346e-05 1.78534e-05 2.85643e-05 4.0293e-05 8.17576e-05 0.000158764 0.000268076 0.00053627 0.000660008 0.00084363 0.000908725 0.000962772 0.00112129 0.00101095 0.000991356 0.000976594 0.00105288 0.00109599 0.0010343 0.00108271 0.00106058 0.00106647 0.00102859 0.00107106 0.00100803 0.00105931 0.00109509 0.00108585 0.00108276 0.000921558 0.000888546 0.000725907 0.000489571 0.00028917 0.000142924 7.75976e-05 5.60977e-05 2.77479e-05 1.52033e-05 1.24369e-05 4.22022e-06 1.42118e-05 1.03004e-05 9.00364e-07 4.10237e-06 3.55183e-06 2.37681e-06 3.58306e-06 4.55382e-06 5.51439e-06 2.69681e-06 3.49314e-06 1.13574e-06 8.17814e-06 6.37274e-06 4.41007e-06 1.31317e-06 1.97928e-06 1.42921e-06 0 0 0 2.12413e-06 1.40291e-06 6.56837e-07 0 0 1.12937e-06 9.01451e-07 3.53312e-06 
0 0 4.27003e-06 1.37792e-06 0 0 1.27509e-06 3.72107e-06 9.07382e-07 6.12444e-07 2.55804e-06 1.72498e-06 9.32576e-06 0 2.14984e-06 0 0 3.26117e-06 2.32897e-06 1.6677e-06 4.06496e-06 5.3468e-06 8.09939e-06 6.38889e-06 2.82384e-06 0 3.83344e-06 1.6367e-05 1.36459e-05 4.29777e-06 1.4271e-05 2.4918e-05 1.92864e-05 3.63701e-05 9.38675e-05 0.000157739 0.000290352 0.000549977 0.000659295 0.000865564 0.000893374 0.000934491 0.00107096 0.000995797 0.0010054 0.0010016 0.00111992 0.00109257 0.00104212 0.00111171 0.00107488 0.00104421 0.00100491 0.00111619 0.00104241 0.00106708 0.00109227 0.00109631 0.00111366 0.000916735 0.000871766 0.000714245 0.000502345 0.000300449 0.000147989 6.35299e-05 4.45165e-05 5.00138e-05 1.66088e-05 1.24241e-05 1.79362e-05 1.7059e-05 1.1651e-05 3.95373e-06 3.91604e-06 2.54241e-06 4.99497e-06 5.98262e-07 3.94199e-06 2.49325e-06 3.77014e-06 2.99208e-06 4.1751e-07 2.33327e-06 7.13327e-06 2.14308e-06 4.51606e-06 0 3.07771e-06 7.78234e-07 0 0 9.53325e-07 3.23498e-06 3.40869e-07 0 0 0 6.74759e-07 0 
0 3.64006e-06 0 0 0 0 0 5.20325e-06 1.40763e-06 2.93741e-06 0 3.48637e-06 7.28389e-06 2.27423e-06 0 0 1.02028e-06 3.82364e-06 3.03562e-06 4.94502e-06 8.06665e-07 1.96216e-05 6.09096e-06 2.25927e-06 1.89748e-06 1.03469e-05 1.10544e-05 1.25991e-05 5.24855e-06 8.55111e-06 1.50035e-05 3.24832e-05 2.69891e-05 5.06312e-05 9.69874e-05 0.000161543 0.000287028 0.000558285 0.00065387 0.000884506 0.000901094 0.000930345 0.00109344 0.000996732 0.00100307 0.00106104 0.00111748 0.00105306 0.00109433 0.00116909 0.00110377 0.00109728 0.000994984 0.00107589 0.00107059 0.00107748 0.00106665 0.00115454 0.00112837 0.000898565 0.000867548 0.000705755 0.000487377 0.000305925 0.00015448 6.81344e-05 4.66328e-05 2.92515e-05 2.82558e-05 6.4096e-06 6.29575e-06 1.38238e-05 1.64074e-05 9.65803e-06 3.60887e-06 2.41213e-06 1.54851e-06 2.43085e-06 1.46452e-06 3.82356e-06 2.75783e-07 5.11354e-06 6.14142e-06 4.22021e-06 4.11042e-06 4.55285e-06 2.55411e-06 1.09299e-06 1.16049e-06 2.07669e-06 0 0 1.58086e-06 1.95878e-06 1.77085e-06 0 0 0 0 0 
1.53881e-06 0 0 0 0 0 5.51752e-06 9.44701e-07 3.00303e-06 0 1.70141e-06 2.27539e-06 0 1.70962e-06 0 3.85273e-06 3.51498e-06 4.64677e-06 1.60918e-06 2.90891e-06 1.6884e-05 1.71613e-05 5.54614e-06 2.41891e-06 1.3219e-05 5.75447e-06 1.00573e-05 1.18371e-05 4.22588e-06 9.9236e-06 1.81651e-05 3.30774e-05 3.0921e-05 4.02279e-05 9.35795e-05 0.000181885 0.000294014 0.000529672 0.000672241 0.000872949 0.000902205 0.00100197 0.00108057 0.000997461 0.00100986 0.00100023 0.00108995 0.00108416 0.00106238 0.00113355 0.00108097 0.00101935 0.000999492 0.00102958 0.00109816 0.00110499 0.00112624 0.0011117 0.00110821 0.00091752 0.000876187 0.000697892 0.000479436 0.000311905 0.000152455 6.75915e-05 4.86668e-05 2.41318e-05 1.93059e-05 2.22642e-05 6.75862e-06 8.01398e-06 1.20749e-05 1.43606e-05 3.48033e-06 2.15343e-06 2.09885e-06 2.17706e-06 1.30471e-06 1.86229e-06 4.52344e-06 4.29225e-06 1.46784e-06 9.29404e-07 4.78516e-06 4.19934e-06 1.81948e-06 1.06968e-06 0 3.35968e-06 0 0 9.967e-07 1.50828e-06 2.42858e-06 3.01674e-06 0 0 0 0 
0 0 0 0 0 0 7.50456e-06 3.00763e-06 0 0 2.75645e-06 1.6202e-06 7.42627e-08 0 4.57465e-06 3.61612e-06 2.2786e-06 4.01616e-06 1.61173e-06 6.86302e-06 1.05359e-05 5.19309e-06 5.36738e-06 2.33303e-06 2.59213e-06 9.17694e-06 1.09651e-05 8.79267e-06 5.72423e-06 1.17688e-05 1.62637e-05 1.68258e-05 1.56291e-05 3.52913e-05 9.4674e-05 0.000157827 0.000309661 0.000507858 0.000729857 0.00087191 0.000920207 0.000963982 0.00107733 0.00100573 0.0010346 0.00106424 0.00113014 0.00106762 0.00112512 0.00112565 0.00108069 0.0010373 0.00101174 0.00106301 0.00109874 0.00109651 0.00118474 0.00112132 0.00111103 0.000930512 0.000897971 0.000703237 0.000502615 0.000323108 0.000165619 7.53383e-05 3.73103e-05 3.09997e-05 1.52125e-05 1.79873e-05 1.88318e-05 9.4595e-06 9.89534e-06 8.51782e-06 5.37021e-06 1.05323e-05 5.35646e-06 1.63727e-06 2.19944e-06 2.24154e-06 3.6081e-06 1.15215e-05 2.60486e-06 8.08742e-07 5.69969e-06 3.42676e-06 3.58262e-06 4.88152e-06 0 1.02034e-06 1.15689e-06 0 0 2.11962e-06 1.76355e-06 2.71011e-06 1.12753e-06 0 5.32707e-07 1.33988e-06 
0 0 0 0 0 2.29597e-06 1.4109e-06 0 0 3.09715e-07 1.33866e-06 0 1.8308e-07 1.20938e-06 4.1447e-06 6.58787e-07 4.43198e-06 1.41388e-06 2.06814e-06 5.68746e-06 8.45278e-06 3.95313e-06 1.62521e-06 0 3.32088e-06 5.97012e-06 6.22497e-06 3.41391e-06 6.21534e-06 1.2829e-05 1.52996e-05 1.35014e-05 2.10281e-05 3.82156e-05 0.000105162 0.00017526 0.000331153 0.000535415 0.000692545 0.000890222 0.000950315 0.00103308 0.00109337 0.00104726 0.00103719 0.0010954 0.00112829 0.00113904 0.00112403 0.00116727 0.0010806 0.00105146 0.00102085 0.00109982 0.0010917 0.00105426 0.00114159 0.00108835 0.00110933 0.000934581 0.000842154 0.00070956 0.000514174 0.000311436 0.00017096 8.20284e-05 3.89938e-05 2.1707e-05 1.32784e-05 1.36737e-05 7.80569e-06 5.67804e-06 7.00912e-06 8.79473e-06 8.19069e-06 2.75234e-05 2.05056e-05 1.59165e-06 3.35621e-08 3.17972e-06 1.58624e-06 6.01859e-06 1.00263e-05 5.14619e-06 2.87235e-06 5.79496e-06 2.34544e-06 1.79021e-06 0 0 0 0 0 0 7.16198e-07 1.61009e-06 4.03835e-06 0 0 9.91189e-07 
0 0 0 0 0 1.96541e-06 0 0 0 0 1.24983e-06 2.05186e-06 0 3.1681e-06 1.68957e-06 1.12941e-05 1.12035e-05 2.51368e-06 2.95052e-06 4.98591e-06 7.03299e-06 4.6435e-06 0 6.20063e-07 6.16819e-06 5.9314e-06 9.80008e-06 2.99898e-06 5.60648e-06 1.53661e-05 1.6369e-05 1.48725e-05 2.16375e-05 4.0997e-05 0.000110534 0.000184503 0.000346948 0.000560851 0.000680436 0.000834461 0.000927727 0.00108379 0.00107463 0.00102458 0.00103244 0.001059 0.0011769 0.00106834 0.00110645 0.00117485 0.00108939 0.00107284 0.00107962 0.00107436 0.00109288 0.00104069 0.00114352 0.00110774 0.0011065 0.000948935 0.000889991 0.000718678 0.000528824 0.000312602 0.000172174 8.5232e-05 4.88566e-05 2.55568e-05 8.5686e-06 1.62066e-05 1.17573e-05 8.45354e-06 3.24502e-06 1.89516e-05 9.16425e-06 5.4459e-06 2.62652e-05 7.30479e-06 2.89623e-06 7.23243e-06 5.96397e-06 2.33942e-06 1.02237e-05 7.7362e-06 1.26764e-05 7.70292e-06 3.88032e-06 6.59392e-06 3.4663e-06 0 0 0 0 0 0 2.25102e-06 1.62371e-06 2.39006e-06 0 0 
0 0 0 0 5.12138e-07 2.4577e-06 0 0 0 0 4.0255e-06 5.93988e-06 1.89964e-06 2.22918e-06 1.12059e-06 7.70264e-06 4.52893e-06 8.84105e-07 3.28753e-06 3.88663e-06 6.72639e-06 2.193e-06 1.83432e-06 4.57174e-06 8.59113e-06 3.65865e-06 9.46173e-06 3.18305e-06 9.11383e-06 1.6556e-05 1.2833e-05 2.3809e-05 2.09035e-05 4.23122e-05 0.000134954 0.000183694 0.000336564 0.000573489 0.000658916 0.000857752 0.000907087 0.00101628 0.00110698 0.00101483 0.00103834 0.0010682 0.00110707 0.00113545 0.0011189 0.00118999 0.00109222 0.00108782 0.00109842 0.00107725 0.00110585 0.00106728 0.00113849 0.00111899 0.00109943 0.000960264 0.000840191 0.000685846 0.000503357 0.000322709 0.000173083 9.97187e-05 4.48933e-05 3.1161e-05 1.17096e-05 1.36054e-05 1.12502e-05 9.27331e-06 7.0283e-06 7.03988e-06 1.67184e-05 6.71605e-06 3.91756e-06 2.1603e-06 0 1.86222e-06 7.56641e-06 4.3234e-07 5.8712e-06 5.9179e-06 2.46335e-06 2.0236e-05 2.08664e-06 1.35164e-06 2.25144e-06 0 0 0 0 0 0 0 2.49545e-06 2.14675e-06 0 0 
0 0 0 0 2.69298e-06 0 0 0 0 4.85814e-06 6.48428e-06 0 8.95445e-07 1.28047e-05 3.00384e-06 4.2851e-07 1.84624e-06 4.57326e-07 5.39997e-06 4.54877e-06 4.87687e-06 1.16972e-05 1.53635e-06 4.46977e-06 6.03057e-06 7.90889e-06 4.95318e-06 1.19696e-05 1.4064e-05 1.24323e-05 1.08113e-05 2.47779e-05 2.89397e-05 4.98506e-05 0.00012121 0.000175542 0.000347449 0.000550141 0.000670828 0.000835194 0.000906791 0.0010203 0.00107653 0.00102612 0.00105421 0.00107813 0.00112408 0.00108961 0.00111133 0.00121498 0.00111202 0.00110489 0.00107302 0.00110184 0.00113025 0.00108557 0.00120908 0.00112733 0.00105921 0.000963841 0.000837596 0.00068035 0.000479967 0.000367683 0.000177105 0.000115219 4.4135e-05 2.66215e-05 1.85507e-05 1.37151e-05 5.30345e-05 1.18392e-05 7.30742e-06 7.62781e-06 9.34495e-06 8.29424e-06 1.05654e-05 1.99168e-06 1.74841e-06 5.8409e-06 4.87103e-07 6.0643e-06 2.85415e-06 6.77372e-06 1.78364e-06 2.09515e-06 4.19652e-06 0 4.2571e-06 0 0 0 0 0 0 0 5.62594e-06 1.12084e-06 1.01293e-06 0 
0 0 0 0 2.5779e-06 0 0 4.15768e-06 0 8.60032e-06 1.43547e-06 1.24771e-06 0 2.1891e-06 1.7452e-06 1.77975e-06 2.02644e-06 7.33411e-07 4.90502e-06 7.37453e-06 3.71735e-06 5.4782e-06 2.87846e-06 5.25931e-06 9.22387e-06 1.02712e-05 3.10467e-06 1.27365e-05 2.02892e-05 5.68171e-06 1.59473e-05 2.53006e-05 3.59315e-05 5.70774e-05 0.000121256 0.000197134 0.000348745 0.000641247 0.000671939 0.000905188 0.000937691 0.00101639 0.00110696 0.00103971 0.00105761 0.00109887 0.00112239 0.00110718 0.0011485 0.00118508 0.00110691 0.00102591 0.00108029 0.00115567 0.00110267 0.00113569 0.00114997 0.00107217 0.00114448 0.000965404 0.000845891 0.000667478 0.000481082 0.000368429 0.000187368 0.000108817 4.5485e-05 1.65373e-05 1.77352e-05 1.40401e-05 1.69782e-05 1.12727e-05 6.68503e-06 2.18313e-06 7.41087e-06 1.14017e-05 8.95848e-06 3.05047e-06 3.38883e-06 1.67602e-06 6.3269e-06 3.77899e-06 1.48386e-06 2.32984e-06 6.9399e-06 2.25235e-06 3.94203e-06 1.81181e-06 1.72718e-06 4.96149e-06 0 0 0 0 0 0 1.2006e-06 2.0423e-06 2.51875e-06 0 
0 0 0 2.15712e-06 2.70534e-06 3.57144e-07 2.31305e-06 9.09034e-06 0 4.98781e-06 2.33325e-06 2.01141e-06 2.68949e-06 3.18742e-06 0 0 1.32236e-06 5.31194e-06 6.11976e-06 1.43298e-05 2.76101e-06 8.50749e-07 8.02369e-06 7.02144e-06 8.31681e-06 3.61099e-06 7.25249e-06 1.42842e-05 1.23163e-05 5.58471e-06 2.29245e-05 2.56123e-05 5.12314e-05 5.40036e-05 0.000134101 0.000187768 0.00037964 0.000541884 0.000680666 0.000856058 0.000956879 0.00105216 0.00112298 0.00105971 0.00107083 0.00108625 0.00115467 0.00110719 0.00110305 0.00121446 0.00114336 0.00113143 0.00106694 0.00116376 0.00107283 0.00113849 0.00115768 0.00108151 0.00108459 0.00100226 0.000833775 0.000712845 0.000486907 0.000354828 0.000187356 0.000104856 5.23353e-05 2.23884e-05 1.81746e-05 1.23178e-05 6.25764e-06 1.4503e-05 1.18745e-05 5.90233e-06 9.72176e-06 6.19506e-06 4.0967e-06 5.47745e-06 4.36861e-06 0 3.48319e-06 2.20503e-06 3.63063e-06 0 2.31084e-06 2.26615e-06 3.70935e-06 3.62863e-06 2.65593e-07 1.00509e-05 0 0 0 0 0 0 0 1.53436e-06 6.56672e-07 1.77199e-06 
0 0 0 2.77643e-06 2.00203e-06 0 1.30234e-05 0 2.19685e-06 7.69597e-07 8.97506e-07 9.43826e-07 2.73658e-06 1.07827e-06 7.11689e-07 1.12898e-06 1.67757e-06 6.88182e-06 1.18765e-05 1.29874e-05 3.27431e-06 1.66314e-06 1.20043e-05 6.04671e-06 7.89357e-06 9.0881e-06 1.04468e-05 8.60934e-06 9.63386e-06 4.65089e-06 2.40002e-05 2.44751e-05 4.02261e-05 5.99554e-05 0.000144432 0.000196208 0.000429769 0.000554644 0.0006492 0.000857025 0.000930558 0.00105522 0.00118626 0.00107086 0.00108005 0.0010929 0.00112451 0.00109565 0.00112765 0.00124907 0.00113981 0.00109708 0.00104723 0.00116474 0.00109945 0.00114183 0.00118719 0.00110018 0.00110998 0.000953431 0.000840948 0.000777748 0.000523623 0.00036674 0.000213343 0.00010864 4.79512e-05 3.03857e-05 2.37491e-05 1.59257e-05 1.75465e-05 3.52877e-05 1.80587e-05 8.54483e-06 2.11446e-05 8.42816e-06 4.83697e-06 1.83234e-06 1.0057e-06 3.24054e-06 3.27492e-06 3.13858e-06 1.39819e-06 1.7299e-06 0 0 1.52016e-06 2.41552e-06 2.16113e-06 2.57314e-06 8.56669e-06 0 0 0 0 0 0 0 1.87756e-06 1.64825e-06 
0 0 1.16892e-06 3.62129e-06 1.50683e-06 0 0 0 1.54914e-06 0 2.11437e-06 0 5.05622e-06 0 4.39429e-06 9.60837e-07 5.4112e-06 6.76998e-06 1.41737e-05 5.64369e-06 4.16271e-06 2.14093e-06 4.51348e-06 1.30671e-05 6.02776e-06 6.01924e-06 8.8749e-06 1.568e-05 5.33432e-06 1.67353e-05 1.84432e-05 2.07535e-05 3.98403e-05 6.05829e-05 0.000132483 0.000205303 0.000365367 0.000558397 0.000649375 0.000878979 0.000925 0.00105919 0.00112643 0.00109762 0.0010702 0.00113366 0.00111565 0.00114217 0.0011561 0.0012813 0.00112314 0.00110429 0.00105462 0.00116687 0.0011368 0.0012043 0.00116498 0.00114185 0.00102497 0.000944734 0.000893609 0.000729792 0.000524365 0.000367292 0.000224446 0.000134399 6.11498e-05 2.85742e-05 3.0898e-05 1.68772e-05 1.20912e-05 1.13353e-05 3.17317e-05 8.95981e-06 1.83136e-05 2.09111e-06 8.08541e-06 3.47705e-06 0 4.83318e-06 2.08128e-06 3.98409e-06 4.3232e-06 9.45683e-07 0 3.5308e-07 0 3.57422e-06 1.14396e-06 0 7.89028e-06 2.41399e-06 0 0 0 0 0 0 2.37863e-06 1.18625e-06 
0 0 3.62461e-07 3.29719e-06 0 0 0 0 1.91701e-06 2.26329e-06 0 1.96079e-06 1.99007e-06 9.03851e-07 2.92867e-06 0 5.69788e-06 8.40156e-06 1.1918e-06 6.26847e-06 1.00012e-06 4.23484e-06 8.43604e-06 1.23744e-05 2.1799e-06 5.96826e-06 6.90537e-06 1.84868e-05 1.32937e-05 2.43115e-05 2.05707e-05 2.55893e-05 3.80799e-05 6.27203e-05 0.000138605 0.000212674 0.000381169 0.000530793 0.000650859 0.000907208 0.000970418 0.00107505 0.00113172 0.00112431 0.00107941 0.0011266 0.0011328 0.00110748 0.00114535 0.00125083 0.00111846 0.00110614 0.00109815 0.00112327 0.00113301 0.00121154 0.00116327 0.00111935 0.00105033 0.000960582 0.00092179 0.000723528 0.000502501 0.000379138 0.000204546 0.000127384 7.4322e-05 3.65416e-05 1.99778e-05 2.1046e-05 2.90595e-05 1.2e-05 8.1886e-06 8.14817e-06 8.90291e-06 2.49742e-06 3.59927e-06 4.4656e-06 2.64017e-06 3.43253e-06 2.24211e-06 5.70386e-06 7.65636e-06 8.53049e-06 7.4243e-06 8.29617e-06 1.11699e-06 4.23848e-06 3.21701e-06 0 2.78347e-06 2.47462e-06 0 0 0 0 1.5164e-06 0 0 4.40085e-06 
0 0 1.56633e-06 8.95911e-07 0 0 0 1.03611e-06 1.31507e-06 7.75912e-07 0 1.89509e-06 0 4.50555e-06 1.55513e-06 6.8195e-06 1.88666e-06 5.10244e-06 5.18497e-06 6.32908e-06 1.8472e-06 5.9596e-06 7.38013e-06 1.21542e-05 2.55379e-06 1.11048e-05 8.02106e-06 2.00261e-05 1.51727e-05 2.86685e-05 1.19913e-05 3.64038e-05 3.74074e-05 8.57678e-05 0.000152702 0.000234747 0.000377105 0.000566029 0.000668106 0.000930499 0.000956069 0.00108533 0.0011295 0.00114261 0.00108405 0.00117405 0.00111962 0.00108954 0.00115653 0.00127253 0.00111947 0.00112428 0.00108512 0.00111886 0.00113418 0.00115892 0.00114009 0.00113987 0.00107357 0.000933068 0.000867534 0.000743225 0.000519639 0.00039588 0.000213049 0.000114032 8.5971e-05 4.05258e-05 1.14152e-05 1.31265e-05 2.097e-05 2.08476e-05 6.95283e-06 1.50189e-05 9.0881e-06 5.7627e-06 3.2672e-06 3.14931e-06 2.48209e-06 3.6833e-06 5.13234e-06 4.32838e-06 9.88355e-07 5.66845e-06 0 0 2.41411e-06 1.89259e-06 7.85814e-07 1.40741e-06 0 7.03589e-06 1.19933e-06 0 0 0 1.22241e-06 4.35776e-07 0 2.52021e-06 
0 0 6.35202e-07 0 0 0 0 1.36756e-06 2.91713e-07 0 0 1.63792e-06 2.31307e-06 1.97057e-06 6.20731e-06 5.33781e-06 3.03728e-06 1.29488e-06 5.12032e-06 9.22294e-06 3.66712e-06 8.08337e-06 5.02129e-06 9.89268e-06 4.48511e-06 9.62053e-06 1.42275e-05 1.95286e-05 1.95105e-05 3.27585e-05 9.92535e-06 2.73408e-05 5.03426e-05 9.43588e-05 0.000172206 0.000248474 0.000381309 0.000563354 0.000667214 0.000869433 0.000990698 0.00106233 0.00113175 0.00113796 0.00109394 0.00114041 0.00111323 0.00115164 0.00117748 0.00130684 0.00118823 0.00118004 0.00109101 0.00113692 0.00116561 0.00116636 0.00113856 0.00117934 0.00105966 0.000955715 0.000888989 0.000753824 0.000512819 0.000407426 0.000222984 0.000112673 8.36238e-05 4.609e-05 1.64409e-05 1.38425e-05 1.51782e-05 1.59986e-05 6.19298e-06 9.76261e-06 1.40937e-05 1.07043e-05 2.42214e-06 3.00481e-06 3.03599e-06 2.26359e-06 5.52316e-06 9.90087e-06 1.17455e-05 4.2497e-06 6.57747e-06 5.28803e-06 1.9719e-06 0 1.8713e-06 0 0 4.79371e-07 3.37931e-06 0 0 0 0 2.06721e-06 0 5.38106e-07 
0 7.48964e-07 6.45567e-07 0 0 0 0 1.84353e-06 0 0 1.08693e-06 6.60156e-07 3.35726e-06 2.20055e-06 1.03361e-05 1.88448e-06 1.67871e-06 0 8.40107e-06 7.82217e-06 2.60363e-06 9.40246e-06 7.96964e-06 4.34872e-06 4.72738e-06 1.79896e-05 2.35998e-05 2.00486e-05 4.37626e-05 2.75407e-05 2.36585e-05 2.09091e-05 5.13835e-05 9.33036e-05 0.000159356 0.000247125 0.000387508 0.000536646 0.000685886 0.000858226 0.00098676 0.00109709 0.00117034 0.00115206 0.0011348 0.00113739 0.00111337 0.00112903 0.0012263 0.00126176 0.00114703 0.00117993 0.00108602 0.00111053 0.00119648 0.00116861 0.00113904 0.00114778 0.00103469 0.000972191 0.000886825 0.000709231 0.000508478 0.000450125 0.000253311 0.000122526 8.6813e-05 5.02291e-05 1.80833e-05 1.15132e-05 1.04348e-05 2.35722e-05 7.32477e-06 8.11103e-06 1.38794e-05 6.08027e-06 1.61808e-06 3.73784e-06 1.03555e-05 3.37623e-06 8.92508e-06 2.55218e-06 6.29564e-06 1.88691e-06 2.51428e-06 7.45078e-06 9.40025e-06 1.26173e-06 1.77055e-06 0 0 0 1.9416e-06 0 0 0 0 1.28694e-06 1.02019e-06 0 
0 1.66649e-06 0 0 0 0 6.30639e-07 8.32658e-07 0 0 1.61474e-06 0 3.81379e-06 3.05399e-06 1.7853e-05 1.76246e-06 1.3724e-06 2.17337e-06 1.30578e-05 0 6.28067e-06 9.26902e-06 1.07264e-05 1.15259e-05 1.92637e-05 1.05244e-05 1.88218e-05 6.29131e-06 3.60653e-05 2.87133e-05 2.14032e-05 2.01357e-05 4.88491e-05 9.64146e-05 0.000172408 0.000264747 0.000367817 0.000550816 0.000680133 0.000869327 0.00102368 0.00109144 0.0011122 0.00119963 0.00110583 0.00112121 0.00111486 0.00111422 0.00119984 0.00127757 0.00111887 0.00119617 0.00109611 0.00113701 0.00119166 0.00126788 0.00113537 0.001171 0.00107001 0.00101001 0.000849944 0.000718958 0.000562377 0.000452677 0.000267413 0.000136488 8.13951e-05 4.97462e-05 2.45435e-05 8.25206e-06 1.00237e-05 1.90643e-05 9.68526e-06 6.61488e-06 1.1838e-05 1.52323e-05 3.59833e-06 3.29078e-06 5.81622e-06 1.13733e-05 2.38898e-05 2.4324e-06 3.79315e-06 3.40952e-06 1.67619e-06 0 0 0 2.17937e-06 0 0 0 5.39181e-07 1.62659e-06 0 0 6.9171e-07 0 2.02722e-06 0 
8.23193e-07 1.44332e-06 0 0 6.83398e-07 0 1.68591e-06 0 0 0 1.89357e-06 1.15579e-06 1.42003e-06 2.87714e-06 6.38418e-06 9.67515e-07 2.2685e-06 6.10061e-06 1.23731e-05 1.45646e-06 8.18864e-06 5.14988e-06 1.05563e-05 2.23441e-06 7.29504e-06 7.87143e-06 1.76751e-05 1.17584e-05 2.86981e-05 2.59124e-05 1.99931e-05 2.72492e-05 4.76002e-05 0.000114952 0.000166417 0.000250757 0.000365201 0.000555569 0.000699567 0.000826458 0.00101802 0.00112193 0.00108561 0.0011615 0.00113199 0.00115756 0.0011081 0.00116307 0.00121701 0.0012753 0.00116987 0.00114267 0.00119052 0.00122902 0.00114364 0.00121446 0.00116533 0.00118488 0.0010926 0.000990039 0.000850571 0.000712973 0.000566093 0.000436726 0.000262723 0.000136143 7.23206e-05 6.03303e-05 4.07604e-05 9.50545e-06 1.68707e-05 1.1879e-05 8.11786e-06 8.20135e-06 7.89171e-06 9.9918e-06 1.7356e-05 2.49183e-06 5.78343e-06 6.42873e-06 1.1232e-05 8.19051e-06 1.65273e-06 5.96536e-06 3.49394e-06 0 0 4.45295e-07 0 2.11892e-06 0 0 0 2.86255e-06 0 0 1.97888e-06 0 1.30964e-06 2.91348e-07 
2.72008e-06 2.14514e-06 0 0 2.78104e-06 0 1.51453e-06 0 0 1.34717e-06 7.46927e-07 0 0 3.43228e-06 3.08143e-06 5.79395e-06 3.22455e-06 7.73524e-06 1.86962e-06 4.05571e-06 7.71008e-06 7.26802e-06 5.87819e-06 3.96564e-06 7.07931e-06 1.34345e-05 1.46496e-05 1.51149e-05 2.17711e-05 2.18958e-05 2.68317e-05 3.05e-05 4.94774e-05 0.000111416 0.000161395 0.000248077 0.000385006 0.000562029 0.000730918 0.00084623 0.00102673 0.00109359 0.00108572 0.0011782 0.00111236 0.00116765 0.00110338 0.00115662 0.00121435 0.00127748 0.00117236 0.00113826 0.00116929 0.00118584 0.00116634 0.00120987 0.00119519 0.00115744 0.00110579 0.00102386 0.000847317 0.000708311 0.000551805 0.000465618 0.000270687 0.000161291 8.12805e-05 6.10662e-05 3.65243e-05 2.12333e-05 1.14722e-05 1.32623e-05 1.24153e-05 9.48572e-06 7.75901e-06 5.42733e-06 3.45937e-05 1.61654e-06 5.61335e-06 8.99422e-06 3.05468e-06 1.84415e-05 2.06166e-06 3.72067e-06 3.31704e-06 1.82972e-06 0 7.12374e-07 1.40162e-06 4.18014e-06 7.64801e-07 0 0 1.56761e-06 3.18294e-06 0 1.29922e-06 1.65503e-06 0 1.92545e-06 
2.0898e-06 5.02888e-06 0 0 0 0 1.98259e-06 3.85251e-07 0 2.74411e-07 0 0 2.13854e-06 2.27228e-06 1.44434e-05 4.47924e-06 3.51058e-06 4.26384e-06 7.30491e-07 7.42485e-06 4.88631e-06 4.16397e-06 7.38056e-06 1.28272e-05 9.20053e-06 2.41784e-05 1.75932e-05 1.57415e-05 1.9077e-05 2.78933e-05 1.86109e-05 3.31236e-05 5.01748e-05 0.000123729 0.000153224 0.000249421 0.000382637 0.00055568 0.000714553 0.000875836 0.00108566 0.00108922 0.00111163 0.0011968 0.00114885 0.0011881 0.00112478 0.0011913 0.0012885 0.00127602 0.00118091 0.00115695 0.00118811 0.00121006 0.00121295 0.00118402 0.00116794 0.00116955 0.0011318 0.00105252 0.000863798 0.000689758 0.000567527 0.000449618 0.000298561 0.000179303 8.18321e-05 6.5633e-05 3.44738e-05 3.27976e-05 1.97946e-05 1.82954e-05 8.83573e-06 1.08544e-05 1.11086e-05 3.76435e-06 8.9704e-06 1.1575e-05 2.28392e-06 1.53857e-05 2.79188e-06 1.50411e-05 1.38115e-06 4.04494e-06 6.62693e-06 3.29472e-06 1.16369e-06 0 2.74223e-06 2.05909e-06 1.97143e-06 0 0 0 4.21473e-06 0 0 1.98684e-06 0 0 
6.03207e-06 0 0 0 0 1.29489e-06 0 2.09767e-06 0 0 1.99318e-06 7.8455e-06 2.08385e-06 5.73882e-07 9.98639e-07 5.35603e-06 5.22806e-06 3.73191e-06 4.24121e-06 4.69657e-06 5.6701e-06 4.484e-06 7.85477e-06 1.17635e-05 1.12869e-05 2.51641e-05 6.80115e-06 2.09085e-05 2.36716e-05 2.01638e-05 2.68187e-05 4.05682e-05 4.91381e-05 0.000131956 0.000154903 0.000243887 0.00038892 0.000554986 0.00073922 0.000860428 0.00108044 0.00110668 0.00108851 0.00122468 0.00112909 0.00123989 0.00109165 0.00118682 0.00120505 0.00133783 0.00123294 0.00118408 0.00123147 0.00119963 0.00123316 0.00122165 0.00115399 0.00114127 0.00115136 0.0010181 0.00089232 0.000674875 0.000585161 0.000451453 0.000354763 0.00016984 8.25015e-05 6.60686e-05 3.76475e-05 3.19255e-05 2.93128e-05 2.78467e-05 6.12182e-06 9.77829e-06 1.32305e-05 6.05743e-06 5.01927e-06 1.26417e-05 4.40258e-06 1.11429e-05 3.96351e-06 5.98752e-06 5.19241e-06 3.41371e-06 5.02116e-06 3.54317e-06 1.53338e-06 7.9946e-07 2.4615e-06 5.39193e-06 3.23826e-06 0 0 0 8.53907e-07 4.09748e-06 0 4.01352e-07 6.01239e-07 0 
1.18443e-06 0 0 0 0 1.70978e-06 0 1.93257e-06 0 0 1.48e-07 0 2.86893e-06 0 1.32035e-06 9.05829e-06 3.84532e-06 5.39466e-06 8.15267e-06 3.62166e-06 2.88493e-06 8.13728e-06 1.02493e-05 1.18255e-05 6.03947e-06 1.6563e-05 3.69649e-06 1.76345e-05 2.22507e-05 1.89781e-05 2.64431e-05 3.98869e-05 6.16544e-05 0.000132177 0.00014476 0.000248382 0.000410432 0.0005639 0.000723099 0.000857237 0.00104047 0.0011052 0.00113136 0.00117862 0.00117874 0.00130411 0.00112519 0.00121697 0.00118689 0.0013349 0.00125202 0.00119758 0.00122463 0.00124092 0.00122349 0.00121832 0.00119437 0.00111013 0.00115009 0.000998138 0.000870446 0.000702455 0.000560197 0.000430779 0.000320388 0.00016478 8.62329e-05 5.2935e-05 3.58584e-05 2.72816e-05 2.08481e-05 3.64442e-05 2.05042e-05 9.15645e-06 8.09118e-06 5.98067e-06 1.13344e-05 5.63388e-06 8.48677e-06 2.35091e-06 1.28772e-05 6.04612e-06 6.5904e-06 1.07751e-06 6.41731e-06 4.94257e-06 1.66111e-06 9.41264e-07 0 5.55152e-06 3.07707e-06 1.8802e-06 0 0 0 3.65485e-06 9.81938e-07 0 0 0 
0 0 0 0 0 1.84509e-06 1.86059e-06 4.12911e-07 0 0 0 0 3.23411e-06 0 5.38722e-06 7.40599e-06 2.58209e-06 5.18397e-06 5.37592e-06 5.43013e-06 6.73386e-06 1.09269e-05 3.02057e-06 1.05072e-05 8.34333e-06 1.11968e-05 7.63226e-06 1.74114e-05 1.94508e-05 1.92326e-05 2.88253e-05 3.41982e-05 7.72993e-05 0.00013429 0.000146076 0.000244585 0.000407553 0.000592942 0.000720367 0.000884933 0.00106419 0.00106759 0.00115972 0.00119591 0.00114158 0.00126113 0.00116807 0.00119017 0.00119726 0.00130734 0.00126228 0.00127094 0.00122399 0.00120923 0.00133245 0.00119526 0.00116482 0.00117451 0.00114454 0.000988342 0.000978391 0.000706745 0.000537675 0.000430004 0.000318463 0.00017716 9.26028e-05 5.24855e-05 3.84737e-05 1.73351e-05 1.83003e-05 8.99842e-06 1.14263e-05 1.60224e-05 2.00864e-05 8.72345e-06 5.94014e-06 1.48866e-05 4.3466e-06 9.49221e-06 1.77419e-05 3.26998e-06 9.74896e-06 1.2695e-06 2.04422e-06 2.23624e-06 4.43147e-06 0 0 2.8093e-06 7.97551e-06 2.11068e-06 0 0 0 0 4.53949e-06 0 0 0 
0 0 0 0 1.29911e-06 1.05863e-06 1.99929e-06 0 2.45524e-06 0 0 2.57849e-06 1.5794e-06 0 5.2401e-06 3.53811e-06 7.35859e-06 3.00053e-06 4.28374e-06 1.19726e-05 1.17555e-05 6.40136e-06 3.63605e-06 1.53577e-05 1.87358e-05 3.78677e-06 8.23565e-06 2.05952e-05 1.32688e-05 2.94521e-05 2.7677e-05 3.66015e-05 8.99767e-05 0.000119612 0.000173778 0.000246423 0.000410122 0.000543884 0.000720902 0.000895427 0.00112051 0.00101986 0.00112715 0.00120093 0.00120018 0.0012909 0.00122559 0.00122917 0.00124297 0.00124573 0.00121245 0.00124146 0.00126747 0.0012369 0.00123993 0.00121515 0.00121589 0.00120208 0.00116468 0.000990513 0.000907851 0.000717655 0.000519808 0.000553542 0.00029919 0.000188906 9.70864e-05 6.34822e-05 3.05641e-05 1.93617e-05 1.27054e-05 1.17049e-05 1.14867e-05 7.44885e-06 1.41785e-05 1.20814e-05 3.0952e-06 2.17404e-05 5.70238e-06 0 6.47982e-06 7.53567e-06 3.25143e-06 5.7218e-06 2.34731e-06 4.21303e-06 4.49111e-06 0 0 2.14304e-06 5.78114e-06 3.64303e-06 1.17112e-06 2.66985e-07 6.79974e-08 0 3.26529e-06 1.94287e-06 0 0 
0 0 0 0 4.61721e-07 6.35133e-08 1.56836e-06 6.57807e-07 2.82089e-06 0 2.56504e-06 4.24505e-06 0 0 9.79438e-06 7.32934e-06 4.88463e-06 5.39125e-06 5.24631e-06 9.50285e-06 1.94993e-05 3.25944e-06 7.35513e-06 2.33222e-05 1.37071e-05 6.82702e-06 1.01473e-05 1.75547e-05 1.94082e-05 2.55389e-05 3.15712e-05 4.3872e-05 8.74028e-05 0.000113807 0.000189692 0.000240284 0.000398781 0.000550254 0.000725321 0.000900098 0.00114966 0.00107125 0.00120221 0.00123493 0.00121856 0.00130428 0.00121753 0.00126089 0.00121601 0.0012784 0.00125424 0.00129945 0.00125336 0.00124405 0.00127414 0.0012495 0.00116582 0.0011507 0.00117463 0.00099398 0.000898023 0.000751967 0.000528845 0.000446214 0.000299681 0.000164138 9.85838e-05 6.79002e-05 2.79758e-05 2.91563e-05 1.90462e-05 1.78415e-05 1.25827e-05 1.209e-05 9.17737e-06 8.95679e-06 7.59507e-06 1.03261e-05 7.38855e-06 0 1.69225e-06 7.8744e-06 2.52595e-06 1.04713e-05 3.15751e-06 3.96443e-06 4.47064e-07 4.13753e-06 0 3.96585e-07 6.43955e-06 5.44835e-06 2.69503e-06 0 1.61835e-07 2.16947e-07 0 4.63856e-06 0 0 
0 0 0 0 0 0 0 5.85126e-06 4.00527e-07 3.40547e-06 5.31497e-06 0 0 2.59777e-06 1.04622e-05 4.18336e-06 8.47278e-06 3.62386e-06 7.76276e-06 9.34407e-06 1.24911e-05 6.29022e-06 6.98626e-06 2.14005e-05 1.24187e-05 5.13419e-06 1.94168e-05 2.31631e-05 1.54879e-05 2.20941e-05 3.94856e-05 4.60475e-05 8.83896e-05 0.000125712 0.00020389 0.000257511 0.000407393 0.000559288 0.000732667 0.000926253 0.00110568 0.00105674 0.00125024 0.00122495 0.00115701 0.00126021 0.00122384 0.00123828 0.00122798 0.00132914 0.00130163 0.00124364 0.00122451 0.00126616 0.00129414 0.00120915 0.00118553 0.00119369 0.00119086 0.00101282 0.000897698 0.000768643 0.000558066 0.000480568 0.000324819 0.000172131 8.87756e-05 7.47498e-05 4.10226e-05 2.95801e-05 4.36688e-05 1.44585e-05 9.31033e-06 1.7212e-05 7.86464e-06 8.26276e-06 7.51838e-06 5.63672e-06 9.02775e-06 2.63472e-06 3.43787e-07 7.66434e-06 2.81625e-06 1.01892e-05 8.36031e-06 2.42061e-06 0 4.2584e-06 4.14035e-07 1.69754e-07 2.74088e-06 7.77988e-06 4.42171e-06 0 0 0 0 2.0991e-06 3.08342e-06 0 
0 0 0 0 0 0 0 4.12394e-06 1.7887e-06 3.54715e-06 3.85303e-07 8.68625e-07 0 7.90995e-06 6.8783e-06 5.47539e-06 8.65709e-06 5.72703e-06 7.0676e-06 1.00215e-05 1.83455e-06 2.66278e-06 6.55819e-06 9.62839e-06 1.12381e-05 9.70181e-06 1.54154e-05 1.35006e-05 1.16846e-05 2.365e-05 4.3591e-05 4.11743e-05 8.03786e-05 0.0001168 0.000188346 0.000258007 0.000425404 0.000558334 0.000733822 0.000931314 0.00111368 0.00106344 0.00124107 0.00123934 0.00127218 0.00136435 0.00128936 0.00124088 0.00124462 0.00134507 0.00127862 0.00123862 0.00127983 0.00131557 0.00129257 0.00123746 0.00115465 0.00117247 0.00116849 0.000998339 0.000866141 0.000791025 0.000546502 0.000432525 0.000321468 0.000183719 0.000106519 6.51406e-05 4.78146e-05 2.86433e-05 2.83901e-05 1.7686e-05 1.2838e-05 1.91595e-05 1.51411e-05 4.34513e-06 6.45539e-06 9.56406e-06 1.42163e-05 2.4337e-06 9.14404e-07 5.09758e-06 6.96133e-06 4.13008e-06 8.84345e-06 7.70102e-07 1.65363e-06 1.90937e-06 2.09682e-06 0 0 1.93883e-05 1.8359e-06 2.01765e-06 0 0 0 0 3.82163e-06 1.3577e-06 
0 0 0 0 1.17437e-06 0 3.24525e-06 1.45123e-06 0 0 2.44348e-06 0 0 1.87524e-05 3.96027e-06 9.73142e-06 8.09636e-06 2.13748e-06 1.07436e-05 3.34592e-06 3.77025e-06 3.79566e-07 4.0372e-06 1.18995e-05 6.42494e-06 1.18484e-05 1.33316e-05 1.14908e-05 1.84586e-05 1.64314e-05 7.31951e-05 4.39796e-05 8.18939e-05 0.000125398 0.000183238 0.000281554 0.000422281 0.000609114 0.000759368 0.000911288 0.00110514 0.00108582 0.00123596 0.00122209 0.0012479 0.00131519 0.00124351 0.00124076 0.00135195 0.00129306 0.00133845 0.00134351 0.00125388 0.00130453 0.00128105 0.00122521 0.00117774 0.00119439 0.0011539 0.000996258 0.00086441 0.000802474 0.00055773 0.000447635 0.000319692 0.000172746 0.000134135 6.33386e-05 4.86489e-05 3.55494e-05 2.84465e-05 1.93467e-05 1.56843e-05 1.07157e-05 2.03271e-05 9.4037e-06 5.90112e-06 1.24852e-05 5.6255e-06 1.42614e-05 2.84548e-06 2.4486e-06 1.20957e-05 1.8851e-06 6.69313e-06 3.2558e-06 1.81741e-06 5.46302e-06 4.63248e-06 4.45301e-07 3.55439e-07 2.19602e-06 3.24648e-07 8.49247e-07 0 0 0 0 4.63311e-06 2.43473e-06 
0 0 0 2.84076e-06 0 0 5.26437e-06 0 0 0 2.14881e-06 0 1.07238e-05 8.56114e-06 5.82752e-06 6.09966e-06 4.79338e-07 9.39959e-07 8.73953e-06 4.38832e-06 2.96217e-06 0 3.70568e-06 3.97508e-06 6.16068e-06 8.50037e-06 1.95612e-05 1.72358e-05 3.43596e-05 2.55185e-05 3.93385e-05 4.47052e-05 8.4319e-05 0.000117005 0.000193634 0.000291258 0.000452934 0.000559734 0.000755068 0.000927604 0.00110905 0.00113032 0.00134739 0.00115972 0.00125185 0.00134467 0.00123685 0.00130775 0.0012547 0.0013 0.00139463 0.0013536 0.00125129 0.00135513 0.00127658 0.00120557 0.00122795 0.00113727 0.00112002 0.00107615 0.000868742 0.000796258 0.000564499 0.00046614 0.000356832 0.000165739 0.000118753 6.36941e-05 3.94374e-05 3.92313e-05 3.89184e-05 1.79431e-05 1.28312e-05 1.47592e-05 1.76382e-05 1.37374e-05 2.09667e-05 5.09943e-06 1.15136e-05 8.15264e-06 2.98244e-06 2.27404e-06 1.21387e-05 2.27202e-06 4.85786e-06 6.64469e-06 2.41493e-06 6.31113e-07 5.67007e-06 3.44674e-06 0 2.12436e-06 2.44678e-06 0 0 0 0 0 3.46702e-06 9.45733e-06 
0 0 0 0 0 3.84457e-06 1.42381e-06 0 0 5.11442e-06 2.39813e-06 0 5.74154e-06 1.95189e-06 6.24496e-06 1.9916e-06 0 0 6.26738e-06 1.88982e-05 4.3036e-06 0 5.35835e-06 4.95344e-06 1.10302e-05 3.82451e-06 1.43034e-05 1.92781e-05 2.05939e-05 2.24478e-05 2.52165e-05 5.41543e-05 8.34672e-05 0.000129396 0.000177974 0.000291087 0.000453256 0.000578929 0.000741288 0.000890343 0.00110253 0.00114642 0.00131614 0.00122911 0.00127647 0.00136207 0.001325 0.00130133 0.00128743 0.00132773 0.0013794 0.00134004 0.00126727 0.00144966 0.00133424 0.0012427 0.00117785 0.0011271 0.00115406 0.00110104 0.000863298 0.000839298 0.000546734 0.000499853 0.000327477 0.000183561 0.000142039 6.08238e-05 4.59304e-05 3.66101e-05 2.02598e-05 1.08156e-05 1.1793e-05 9.39614e-06 1.55914e-05 1.62162e-05 5.55515e-06 4.41356e-06 1.30543e-05 4.33114e-06 7.61062e-06 1.57278e-06 5.56286e-06 1.25281e-05 2.33763e-06 2.29411e-06 5.24974e-06 0 5.11492e-06 1.77869e-06 3.7015e-07 2.21867e-06 2.5766e-06 0 0 0 1.45469e-07 0 0 2.21934e-06 
0 0 0 0 0 4.59104e-06 0 0 5.03593e-07 6.34751e-06 0 0 5.85246e-06 4.29183e-06 2.89707e-06 4.82786e-07 0 2.98592e-06 7.76811e-06 1.36944e-05 0 0 5.39322e-06 8.0094e-06 1.0057e-05 3.18858e-06 2.22164e-05 3.4699e-05 1.29235e-05 2.55646e-05 2.89214e-05 4.45341e-05 8.84826e-05 0.000141914 0.000177353 0.000309972 0.000486569 0.00060039 0.000744501 0.000879476 0.0010963 0.0011994 0.00146219 0.00123715 0.00129502 0.00137586 0.00132749 0.00130964 0.00127073 0.00135823 0.00135488 0.00132992 0.00130051 0.00135939 0.00127634 0.00129462 0.00118482 0.00115683 0.00114531 0.00110457 0.000870521 0.000846944 0.000563559 0.000497832 0.00034266 0.000184964 0.00011971 7.14564e-05 3.82384e-05 4.11098e-05 2.5164e-05 1.60889e-05 1.70132e-05 9.04921e-06 1.15029e-05 1.66245e-05 1.26427e-05 7.57452e-06 5.91227e-06 3.6478e-06 8.32396e-06 6.3666e-06 6.29524e-06 1.0976e-05 9.88002e-06 1.8727e-06 3.63861e-06 4.66666e-07 8.50292e-07 3.85137e-06 2.80936e-06 1.8332e-06 1.54979e-06 2.8492e-06 0 0 0 3.05777e-07 0 0 
0 0 7.80323e-07 0 3.56267e-06 1.90891e-06 0 0 3.24381e-06 4.14715e-06 0 0 2.60755e-06 1.03473e-05 4.10918e-06 0 0 7.41309e-06 1.117e-05 6.09694e-06 0 1.23722e-06 7.46208e-06 8.64746e-06 4.07764e-06 9.25057e-06 2.17619e-05 2.02266e-05 1.78529e-05 2.2806e-05 3.40683e-05 8.09723e-05 0.000125335 0.000155019 0.000178572 0.000325233 0.000507593 0.000561024 0.000793263 0.000891933 0.00105739 0.00122039 0.00140175 0.00128865 0.00133589 0.00136963 0.00133553 0.00140744 0.00131677 0.00134413 0.00136744 0.00140103 0.00136122 0.00142625 0.00129123 0.00120791 0.00129326 0.0011989 0.00114141 0.00114472 0.000887191 0.000873067 0.000542407 0.000502313 0.000326878 0.000197339 0.00012158 8.30707e-05 3.60313e-05 4.82668e-05 3.08003e-05 1.3204e-05 1.96358e-05 1.21826e-05 7.64673e-06 1.1088e-05 9.75873e-06 4.22183e-06 5.33841e-06 1.11984e-05 7.78652e-06 8.71448e-06 2.32614e-06 1.05411e-05 1.43068e-05 6.81784e-06 0 3.13834e-06 0 3.60285e-06 2.38491e-06 0 2.55069e-06 0 3.0319e-06 0 0 0 0 0 
0 0 2.63601e-06 1.14803e-06 4.13884e-06 0 0 0 7.10221e-06 6.43609e-07 0 5.36868e-07 1.13503e-05 1.04965e-05 8.62899e-07 0 0 9.13527e-06 8.35226e-06 2.24885e-06 0 2.38543e-06 1.05414e-05 1.07054e-05 2.59937e-06 1.55652e-05 1.10448e-05 1.52676e-05 2.07104e-05 2.43704e-05 7.44321e-05 6.48959e-05 8.19869e-05 0.000166268 0.000187782 0.000320515 0.000494588 0.000576657 0.000763485 0.000911023 0.00113652 0.0012522 0.00137729 0.00124215 0.00133305 0.00142945 0.0014191 0.0014506 0.00133137 0.00134948 0.0013741 0.00143977 0.00125773 0.00137546 0.00123985 0.00125662 0.00129425 0.00120821 0.00117352 0.00116195 0.000886067 0.000884393 0.000586376 0.000507961 0.000348824 0.000217018 0.000126867 9.19429e-05 3.28704e-05 4.8654e-05 2.62849e-05 1.94065e-05 2.02235e-05 1.14195e-05 1.62304e-05 5.08496e-06 4.819e-06 5.32918e-06 5.54571e-06 9.90236e-06 8.36226e-06 5.60453e-06 1.37101e-06 4.60947e-06 1.24938e-05 8.46252e-06 5.59193e-06 1.17129e-05 6.42138e-06 3.2455e-06 0 2.45544e-06 1.9916e-06 0 1.41227e-06 1.62436e-06 0 0 0 0 
0 5.78924e-07 1.79006e-06 2.95666e-06 2.40217e-06 0 0 0 5.46356e-06 0 0 4.44168e-06 2.19993e-05 6.95297e-06 0 0 1.0404e-06 8.1582e-06 1.17489e-05 5.02396e-07 1.09349e-06 2.39532e-06 1.11251e-05 8.49652e-06 2.47471e-06 1.37786e-05 7.52583e-06 2.05703e-05 2.80169e-05 2.62134e-05 6.1428e-05 5.69996e-05 9.62637e-05 0.000177767 0.000194041 0.000324574 0.000495569 0.000616007 0.000802595 0.00090361 0.00109571 0.00122394 0.00138478 0.00121742 0.00141585 0.00146866 0.00133062 0.00142107 0.00131284 0.00139242 0.0014006 0.00146608 0.00127024 0.0014366 0.00129249 0.001234 0.00129418 0.00124367 0.00120473 0.00119438 0.0008899 0.00094067 0.000589054 0.000489374 0.000342278 0.000223827 0.000147283 0.000111884 4.79193e-05 3.85517e-05 2.87832e-05 3.17662e-05 1.60881e-05 2.14682e-05 2.8166e-05 7.09582e-06 4.29474e-06 6.41039e-06 9.6546e-06 5.20529e-06 1.05784e-05 7.30734e-06 1.02686e-06 4.07047e-06 2.25014e-06 1.57625e-05 7.90886e-06 1.17803e-06 3.48768e-06 4.96512e-06 2.82225e-06 5.27869e-06 2.25614e-06 5.09838e-07 0 2.84128e-06 0 0 0 0 
0 2.7048e-06 1.49144e-06 2.55104e-06 2.03204e-06 0 0 2.33565e-06 1.94081e-06 0 0 2.22474e-06 1.43126e-05 2.99693e-06 0 0 9.02815e-06 1.1873e-06 1.0081e-05 1.02781e-05 3.6029e-06 1.08724e-05 9.77057e-06 1.08815e-05 3.10884e-06 1.81881e-05 1.52406e-05 2.10758e-05 1.98518e-05 3.56204e-05 4.30759e-05 5.42567e-05 0.000102552 0.00018408 0.000216368 0.000333396 0.000552064 0.000666124 0.00080603 0.000919529 0.00111874 0.00130118 0.00140201 0.00124882 0.00137377 0.00143336 0.0014295 0.00140193 0.00127007 0.00139129 0.00147501 0.00148053 0.00130805 0.00145405 0.00133879 0.00128966 0.0013343 0.00128364 0.00123333 0.00116458 0.000878206 0.000929499 0.000628974 0.00049323 0.000351666 0.000209539 0.000129673 0.000104829 5.79845e-05 3.12096e-05 3.33178e-05 2.3219e-05 2.56188e-05 7.03814e-06 1.47967e-05 2.81836e-05 8.18416e-06 1.51541e-06 1.21984e-05 8.23611e-06 6.23871e-06 1.12909e-05 3.78971e-06 6.3733e-06 1.22292e-06 1.55987e-05 4.32189e-06 4.15801e-06 2.64889e-06 7.64733e-06 3.36739e-06 2.16447e-06 1.17064e-06 1.86317e-06 0 4.77072e-07 2.3715e-06 0 0 0 
0 2.27195e-06 3.20042e-06 2.82267e-06 2.46095e-06 0 0 2.63111e-06 3.39134e-06 0 0 1.01686e-05 8.15449e-06 2.41845e-06 0 1.47045e-06 1.19812e-05 4.54951e-06 1.2219e-05 3.10289e-06 7.44922e-06 1.29427e-05 8.22162e-06 7.09233e-06 5.50064e-06 1.51649e-05 2.76823e-05 2.64192e-05 3.1824e-05 2.82696e-05 3.79827e-05 6.20534e-05 0.000111499 0.000172645 0.000224067 0.000334945 0.00051683 0.000652794 0.000788722 0.000930849 0.0011354 0.00125517 0.00141021 0.00128948 0.00142844 0.00142599 0.00138726 0.00142075 0.00130765 0.00144455 0.00147978 0.00153387 0.00129389 0.0014779 0.00136287 0.00130399 0.0013852 0.0013097 0.00125131 0.00116179 0.000891855 0.000951507 0.000649973 0.000475166 0.000359669 0.000203571 0.000128694 9.96675e-05 5.92493e-05 4.03155e-05 3.90425e-05 2.77459e-05 2.78029e-05 1.53034e-05 3.81315e-06 3.13036e-05 1.56932e-05 0 1.81669e-06 3.11882e-05 9.06343e-06 1.38045e-05 6.01049e-06 6.73159e-06 4.19833e-06 7.72507e-06 7.50628e-06 1.22429e-06 5.85213e-06 5.94016e-06 1.12519e-05 0 3.6101e-06 4.53415e-06 0 0 2.52922e-06 0 0 0 
1.3917e-06 3.53124e-06 4.69103e-07 0 3.61311e-06 0 0 2.16492e-06 1.15438e-06 0 1.33158e-06 9.75335e-06 3.19325e-06 3.2052e-06 1.77477e-06 2.81536e-06 1.55028e-05 1.15128e-05 5.16912e-06 3.92791e-06 5.35529e-06 6.28085e-06 7.28276e-06 3.92094e-06 8.21977e-06 1.68988e-05 4.84516e-05 2.70108e-05 2.43847e-05 2.71139e-05 4.6487e-05 6.53989e-05 0.000129937 0.000169228 0.000223852 0.000384504 0.000559147 0.000653437 0.000832315 0.000937088 0.00114913 0.00125763 0.00131672 0.00132787 0.00138383 0.00141284 0.0015261 0.00146077 0.00131019 0.00142534 0.001462 0.00157037 0.00134001 0.00148657 0.00141515 0.00130629 0.00140144 0.00133726 0.00130528 0.00115764 0.000894844 0.000935028 0.000702705 0.000518847 0.00038543 0.000218659 0.000124463 9.13179e-05 6.59851e-05 4.90043e-05 2.93794e-05 2.7004e-05 2.17721e-05 3.0439e-05 3.25264e-06 2.47857e-05 2.07436e-05 1.85777e-06 2.33707e-06 1.22222e-05 2.21789e-05 1.14234e-05 5.6993e-06 1.0006e-05 3.66271e-06 6.06811e-06 9.8219e-06 0 4.96046e-06 4.37395e-06 7.83814e-06 9.47581e-06 0 1.50984e-08 0 0 0 0 0 0 
2.58371e-06 4.54225e-06 0 9.87372e-07 1.6833e-06 0 0 1.24355e-07 0 0 5.80784e-06 7.38607e-06 3.27813e-06 0 4.81445e-06 1.3438e-05 2.99522e-06 1.4363e-05 5.36863e-07 1.02883e-05 2.03296e-06 6.69804e-06 1.36186e-05 9.07112e-07 1.48008e-05 5.3844e-05 2.61811e-05 1.86687e-05 2.48721e-05 2.77352e-05 4.53825e-05 7.7455e-05 0.000109548 0.000206135 0.000208032 0.000376255 0.000510315 0.000677878 0.000808911 0.000998414 0.0011176 0.00128258 0.00132227 0.00142029 0.0014423 0.00139513 0.00154184 0.00144536 0.00133763 0.00146179 0.00145188 0.00160064 0.00137171 0.0015052 0.00142672 0.00137873 0.00138108 0.00135984 0.00129419 0.00115705 0.000898021 0.000955722 0.000694114 0.00051166 0.000410537 0.000257725 0.000149445 9.85324e-05 7.43304e-05 4.05133e-05 2.96349e-05 2.35648e-05 2.38677e-05 2.54638e-05 2.07714e-05 2.04971e-05 2.84208e-05 1.11915e-05 5.75805e-06 5.87812e-06 1.86809e-05 2.9029e-05 1.19598e-05 5.74748e-06 6.75492e-06 8.15133e-06 1.49149e-05 9.6218e-07 2.86629e-06 5.06007e-06 7.26986e-06 8.35057e-06 2.19654e-06 0 0 4.90207e-06 0 0 0 0 
3.38991e-06 4.02445e-06 0 2.84261e-06 0 0 3.14583e-06 3.80829e-08 0 0 9.01371e-06 3.05619e-06 3.13484e-06 2.965e-06 3.71219e-06 1.59854e-05 3.07309e-06 8.64417e-06 1.60117e-07 1.06528e-05 3.26075e-06 9.35989e-06 9.57094e-06 4.56942e-06 2.34434e-05 4.48993e-05 2.23805e-05 2.83708e-05 1.09437e-05 3.0821e-05 5.82118e-05 9.19059e-05 0.000111934 0.000221405 0.000221377 0.000373962 0.000546803 0.000705061 0.000874919 0.00107476 0.00113145 0.0012624 0.00137031 0.00147704 0.00147296 0.00143941 0.00157732 0.00143225 0.00139979 0.00140927 0.00151005 0.00150961 0.00142758 0.00157135 0.00141689 0.00137078 0.00139624 0.00135629 0.00132678 0.00115764 0.000898458 0.000969211 0.000720685 0.000506245 0.000392314 0.00024198 0.000144474 0.000111958 7.23717e-05 4.37381e-05 2.44176e-05 2.30512e-05 2.64195e-05 3.14253e-05 8.99048e-06 2.73331e-05 1.8791e-05 1.36849e-05 5.0866e-06 1.05871e-07 9.04445e-06 8.88519e-06 2.77272e-05 5.62226e-06 6.55526e-06 5.45502e-06 1.15748e-05 4.44445e-06 0 3.25949e-06 6.8217e-06 1.15692e-05 8.19625e-06 0 0 0 1.10425e-05 0 0 0 
7.18787e-06 0 0 2.82239e-06 0 4.37501e-06 2.41344e-06 1.92037e-07 0 2.38256e-06 5.12797e-06 8.44023e-07 2.71948e-06 2.91152e-06 2.92441e-06 1.26046e-05 5.49715e-06 1.02187e-06 7.08768e-06 3.16709e-06 4.25043e-06 1.21699e-05 4.2132e-06 1.28597e-05 3.9433e-05 1.53633e-05 2.66695e-05 2.36788e-05 1.14791e-05 4.65691e-05 4.64678e-05 0.000115768 0.000125093 0.000210064 0.000235144 0.000365657 0.000554664 0.000689049 0.000791655 0.00110937 0.00118195 0.00127434 0.0013907 0.00147521 0.00150759 0.00149765 0.00163154 0.00148944 0.00139785 0.0014034 0.00157206 0.00156013 0.00134789 0.00156017 0.00150144 0.00142067 0.00145244 0.00138351 0.00136115 0.00112463 0.000884411 0.000986629 0.000751018 0.000506399 0.000386236 0.000270802 0.000164667 0.000115902 8.00503e-05 6.37008e-05 2.63648e-05 1.90627e-05 1.26224e-05 2.85851e-05 2.00437e-05 1.28838e-05 1.26475e-05 2.34197e-05 1.40666e-05 2.42176e-06 6.57531e-06 6.97567e-06 1.16751e-05 8.80182e-06 2.65181e-06 4.29099e-06 1.12417e-05 1.2985e-05 0 2.30083e-06 3.86019e-06 9.2867e-06 4.78e-06 8.54139e-06 0 0 0 0 0 0 
7.90732e-08 0 0 2.71443e-06 0 3.13897e-07 0 0 6.15084e-07 6.17792e-06 0 2.25356e-06 4.57572e-07 3.45543e-06 7.51561e-06 5.94633e-06 6.90099e-06 0 1.10711e-05 4.25643e-06 3.68198e-06 1.20069e-05 6.34039e-06 1.2726e-05 2.48014e-05 2.2531e-05 2.7254e-05 2.1972e-05 1.01107e-05 4.11316e-05 5.38975e-05 0.00010007 0.000149857 0.000213888 0.000262784 0.0003834 0.000588046 0.00067685 0.000812551 0.0010494 0.00115868 0.00128959 0.00145697 0.00148135 0.00153283 0.00140867 0.00171266 0.00159891 0.00145482 0.00143974 0.00161743 0.00163582 0.00137326 0.00157524 0.0015246 0.00144357 0.00147854 0.00139 0.00136955 0.00116643 0.000907542 0.00101537 0.000716715 0.000513642 0.000405584 0.000282856 0.000176448 0.000114314 9.19387e-05 5.95795e-05 3.69105e-05 3.5341e-05 9.37549e-06 3.00127e-05 2.86732e-05 4.21917e-06 2.932e-05 1.84711e-05 9.91318e-06 1.44998e-05 1.0325e-06 7.61482e-06 7.36587e-06 8.52136e-06 7.16604e-06 4.37974e-06 5.81562e-06 6.9633e-06 7.49301e-06 5.70372e-06 0 1.02707e-05 2.47027e-06 9.43024e-06 1.44448e-05 0 0 0 1.35249e-07 0 
0 0 2.57766e-06 9.79342e-07 0 0 0 2.05363e-06 3.6652e-06 2.93832e-06 0 3.46475e-06 0 3.80104e-06 1.09732e-05 8.08439e-06 4.77359e-06 5.5932e-06 1.12754e-05 8.65598e-07 5.52528e-06 1.04271e-05 8.1391e-06 9.19455e-06 3.30173e-05 2.62994e-05 2.25477e-05 1.43213e-05 1.85206e-05 4.11629e-05 6.69772e-05 0.000126484 0.000165303 0.00022986 0.000291405 0.000409051 0.000605097 0.000688162 0.00081165 0.00108888 0.00120115 0.00132333 0.00146972 0.00147928 0.001562 0.00144087 0.00165905 0.00158186 0.00152214 0.00144636 0.00156785 0.00167182 0.00143985 0.00159402 0.00160941 0.00149331 0.00146309 0.00141961 0.00133009 0.0012169 0.000951797 0.00105193 0.000730987 0.000481631 0.000440168 0.000278458 0.000164728 0.000129454 8.93197e-05 7.83432e-05 3.47229e-05 2.70606e-05 9.76174e-06 1.61109e-05 3.77543e-05 1.47435e-05 1.72285e-05 9.87452e-06 7.34942e-06 1.45231e-05 2.06163e-05 5.33937e-06 3.35359e-06 3.08263e-06 1.20969e-05 2.85753e-06 1.86792e-06 3.41346e-06 9.21893e-06 2.89472e-06 2.15758e-06 1.37779e-06 6.28125e-06 5.25628e-07 1.67091e-06 1.14657e-06 0 0 0 0 
0 0 3.23661e-06 0 0 0 0 4.07602e-06 2.25486e-06 6.64129e-06 0 3.2e-06 0 8.62757e-06 6.67761e-06 6.57434e-06 6.43468e-06 7.79908e-06 9.53453e-06 1.74313e-06 3.09269e-06 7.34859e-06 9.75062e-06 2.15188e-05 3.29281e-05 1.43219e-05 1.83829e-05 1.52352e-05 2.39424e-05 4.98209e-05 7.74551e-05 0.00011903 0.00017651 0.000229342 0.000289977 0.00046021 0.000592607 0.000719992 0.000799767 0.00108916 0.00122405 0.00136906 0.00150653 0.00154668 0.00161782 0.0015288 0.00167361 0.00155648 0.00154285 0.00145976 0.00163139 0.00158378 0.00149676 0.00162348 0.00162615 0.00153942 0.00149499 0.00142615 0.00133426 0.00123802 0.00103733 0.00108666 0.000755488 0.000513254 0.000435634 0.00026387 0.000167183 0.000106691 0.000106397 7.98339e-05 4.26413e-05 3.2949e-05 1.73615e-05 1.73727e-05 4.13066e-05 1.71577e-05 1.57195e-05 6.12059e-06 1.14331e-05 8.80348e-06 1.47226e-05 3.42614e-06 0 4.60377e-07 1.03245e-05 4.79265e-06 0 2.89076e-06 4.39208e-06 8.69871e-06 2.18768e-06 0 3.1874e-06 3.41248e-06 3.5805e-06 2.91935e-06 0 0 0 0 
0 0 3.44994e-06 0 0 0 3.52554e-06 0 3.10181e-06 2.47131e-06 3.43148e-06 0 2.83832e-06 1.42517e-05 3.58721e-06 1.09342e-05 8.79253e-06 7.44631e-06 8.86422e-06 8.63324e-06 7.19769e-06 8.32371e-06 1.25115e-05 1.7298e-05 2.61531e-05 2.07993e-05 1.42303e-05 1.30923e-05 4.67087e-05 3.52766e-05 9.77767e-05 0.000128376 0.000181586 0.000235081 0.000286432 0.000429358 0.000593337 0.000695585 0.000884955 0.00109145 0.00121881 0.00139496 0.00153369 0.0015733 0.00158911 0.00157005 0.00166071 0.00165285 0.00153506 0.00152096 0.00164861 0.00167967 0.00156209 0.00169001 0.00166165 0.00161639 0.00155589 0.00154868 0.00136066 0.00125735 0.00107355 0.00107236 0.00074576 0.000521011 0.000515014 0.000277097 0.000164826 0.000121583 0.000110513 8.45106e-05 5.37053e-05 3.20445e-05 2.31972e-05 1.27666e-05 2.90422e-05 2.34557e-05 1.26639e-05 5.23851e-06 8.85046e-06 5.09054e-06 1.35059e-05 1.06875e-05 6.13481e-06 2.39684e-06 6.54393e-07 1.32716e-05 0 3.11771e-06 0 1.09355e-05 3.1175e-06 0 1.21685e-06 8.01027e-06 2.19875e-06 5.16904e-06 0 0 0 0 
0 1.23127e-06 2.12892e-06 0 0 0 5.70616e-06 0 6.00454e-06 1.67322e-06 3.07064e-06 0 3.47492e-06 1.72222e-05 9.2122e-06 1.06849e-05 6.23432e-06 9.54929e-06 1.30591e-05 1.07457e-05 8.36213e-06 1.4496e-05 4.72848e-06 2.83878e-05 2.45497e-05 1.54857e-05 1.5097e-05 1.62119e-05 4.22122e-05 5.38666e-05 8.61596e-05 0.000120811 0.000174047 0.000234029 0.000311795 0.000452074 0.000625483 0.000718307 0.000951298 0.00106012 0.00125435 0.00143591 0.00155013 0.00156197 0.00165114 0.00158433 0.00173119 0.00163305 0.00160063 0.00157193 0.00165817 0.00175059 0.00165573 0.00180494 0.00170149 0.00168946 0.00150063 0.00161363 0.00139547 0.00125545 0.00103029 0.00105398 0.000829378 0.000598504 0.000475413 0.000291369 0.000174413 0.000145263 0.000114657 7.73217e-05 7.20145e-05 4.55773e-05 2.08422e-05 1.81136e-05 2.29322e-05 2.67502e-05 1.39032e-05 1.26152e-05 6.52521e-06 8.02053e-06 6.95875e-06 8.90539e-06 1.16049e-05 7.06132e-06 0 9.22339e-06 7.56839e-06 1.2337e-06 0 3.3689e-06 6.73314e-06 0 0 0 6.53306e-06 3.29531e-06 3.52175e-06 0 0 0 
0 4.5696e-06 0 0 2.14158e-06 9.27918e-06 3.21047e-06 7.23509e-07 2.93848e-06 5.65788e-06 0 0 0 1.17641e-05 1.0336e-05 1.99673e-05 3.4342e-06 1.01379e-05 1.83064e-05 4.9959e-06 1.95598e-05 7.33406e-06 1.40853e-05 2.22433e-05 1.40046e-05 1.02134e-05 1.13953e-05 4.1696e-05 4.41499e-05 5.96675e-05 7.46895e-05 0.000142707 0.000176983 0.000247073 0.000309279 0.000476274 0.000607441 0.000766579 0.000939778 0.00110036 0.00131194 0.00144522 0.00158549 0.00156815 0.00166863 0.00163118 0.0017447 0.00169271 0.00163107 0.00158357 0.00171212 0.00175897 0.00168892 0.00180933 0.0016819 0.0017032 0.00149533 0.00165872 0.00140532 0.00127136 0.00104565 0.0010324 0.00082702 0.000583008 0.000486657 0.000304382 0.000143222 0.000154583 0.000123824 7.69331e-05 7.18221e-05 3.12329e-05 3.49785e-05 3.05499e-05 1.91758e-05 2.93507e-05 1.969e-05 2.08638e-05 7.72378e-06 7.67619e-06 7.14625e-06 5.7485e-06 9.07707e-06 1.32735e-05 0 2.9903e-06 1.10632e-05 5.50958e-06 0 0 7.18027e-06 4.29746e-06 0 0 7.77305e-06 2.69635e-06 4.0905e-06 0 0 0 
0 3.87091e-06 0 0 8.97732e-06 7.73129e-06 0 4.2624e-06 3.95452e-06 1.96576e-06 0 0 1.22615e-06 1.06792e-05 2.36701e-05 1.19527e-05 1.45169e-05 9.3913e-06 1.60472e-05 8.39983e-06 1.11578e-05 1.4373e-06 1.85092e-05 2.03237e-05 7.43472e-06 1.19869e-05 8.56185e-06 3.20967e-05 5.71145e-05 4.44219e-05 7.23747e-05 0.000161246 0.00020336 0.000240032 0.000330494 0.000470492 0.000599675 0.000805082 0.000977964 0.00111706 0.00136255 0.00145115 0.00156976 0.00163645 0.00166124 0.0017093 0.00184464 0.00185758 0.0016823 0.00165593 0.00175968 0.00181516 0.00173858 0.00173522 0.00174252 0.00180544 0.00164666 0.00163411 0.00144503 0.00130511 0.00105521 0.00104938 0.000863113 0.00063252 0.000445163 0.000295387 0.000153909 0.000158375 0.000127964 9.1723e-05 6.99168e-05 3.59982e-05 2.45086e-05 1.94827e-05 1.87065e-05 1.75507e-05 2.0555e-05 1.77007e-05 1.86272e-05 3.85894e-06 8.41289e-06 1.35012e-05 3.91701e-06 1.29386e-05 1.00621e-05 0 9.77681e-06 1.70762e-05 0 3.61577e-06 2.72097e-06 8.75473e-06 0 0 3.2626e-06 1.00571e-05 9.3251e-06 0 0 0 
1.53693e-06 3.28145e-06 0 0 8.81011e-06 4.99831e-06 0 5.54844e-06 8.5311e-06 0 0 0 7.96847e-06 7.02726e-06 6.93095e-06 1.95365e-05 6.34128e-06 1.48423e-05 4.8314e-06 1.18955e-05 6.95366e-06 2.06935e-06 1.63261e-05 1.95011e-05 1.51433e-05 9.70965e-06 1.06464e-05 4.77773e-05 3.85392e-05 4.22132e-05 8.54798e-05 0.000137078 0.00021682 0.000214157 0.000354216 0.000504466 0.000664274 0.000827272 0.00100059 0.00116555 0.00135402 0.00151103 0.00157183 0.00175581 0.00167829 0.00171825 0.00198777 0.00185861 0.00173671 0.00182132 0.0017794 0.00184192 0.00182008 0.00181932 0.00176937 0.00176766 0.0017049 0.00165615 0.00145395 0.00135134 0.00107496 0.00107812 0.000857558 0.00067993 0.000442879 0.00034673 0.000157836 0.000153356 0.000141281 7.78081e-05 7.31783e-05 2.83012e-05 1.5686e-05 2.41012e-05 1.61053e-05 1.23075e-05 2.65243e-05 1.74406e-05 1.51564e-05 1.57676e-05 9.66327e-06 2.07278e-05 4.72006e-06 9.97053e-06 1.37509e-05 9.54918e-06 4.94448e-06 7.71416e-06 7.09671e-06 3.49156e-06 1.00942e-06 1.03335e-05 4.70195e-06 0 0 1.0589e-05 1.02902e-05 3.21415e-06 0 0 
4.92309e-06 0 0 3.38923e-06 7.56074e-06 1.00547e-06 5.63701e-06 9.16637e-06 2.85363e-06 0 0 4.77116e-06 7.97943e-06 4.12211e-06 1.05391e-05 1.99777e-05 9.77805e-06 1.42086e-05 4.45615e-06 1.21912e-05 5.228e-06 2.03966e-05 2.24431e-05 3.53515e-05 1.65013e-05 9.7851e-06 3.33134e-05 4.25158e-05 4.23097e-05 4.42381e-05 0.00011069 0.000188512 0.000180236 0.0002359 0.00037295 0.000545563 0.000657278 0.000827268 0.00100846 0.0011984 0.00134946 0.00157434 0.00157137 0.00180155 0.00178978 0.00177375 0.00191552 0.00181678 0.00176494 0.00185988 0.00183217 0.00190819 0.0018526 0.0018895 0.00180875 0.00177683 0.00171028 0.00164696 0.00148836 0.00136086 0.00108868 0.00112915 0.000838236 0.000738955 0.000482886 0.000334306 0.000178727 0.000171393 0.000149553 9.64062e-05 6.10053e-05 4.50745e-05 1.18625e-05 2.71508e-05 1.9092e-05 2.03017e-05 2.36248e-05 2.0308e-05 1.99618e-05 2.29192e-05 1.06327e-05 1.51712e-05 1.61842e-05 3.64454e-06 1.10392e-05 1.00465e-05 1.6073e-05 0 1.20987e-05 0 5.72159e-06 3.16562e-06 1.47837e-05 5.72333e-06 0 3.79595e-06 1.034e-05 9.07962e-06 0 0 
4.75347e-06 0 0 0 7.46491e-06 0 9.14935e-06 1.73969e-05 0 0 3.20585e-06 1.05183e-05 1.51287e-06 3.18497e-06 2.48612e-05 1.16903e-06 9.38898e-06 4.42954e-06 7.78798e-06 1.43133e-05 9.51781e-06 1.4091e-05 2.0096e-05 1.64501e-05 1.30904e-05 1.59938e-05 3.40592e-05 4.55884e-05 2.5483e-05 6.07018e-05 0.000115823 0.000156685 0.000163039 0.000252448 0.000365457 0.000577005 0.000629626 0.000901878 0.00103183 0.00121432 0.00143949 0.00159787 0.0015434 0.00185237 0.00186095 0.00181896 0.00193302 0.00181653 0.0018886 0.00196995 0.00192298 0.00188038 0.00185017 0.001959 0.00190439 0.00182285 0.00178139 0.00171817 0.00154142 0.00134018 0.00115853 0.00119702 0.000851604 0.000745684 0.000460194 0.000362708 0.000193524 0.000207989 0.000140162 0.000110633 6.50848e-05 5.47304e-05 3.528e-05 1.84482e-05 2.44191e-05 3.10394e-05 3.32381e-05 2.61046e-05 2.53274e-05 2.39783e-05 1.54958e-05 1.08564e-05 2.45315e-05 6.65785e-06 1.12238e-05 7.8606e-06 7.18202e-06 7.12332e-06 1.0241e-05 4.40891e-06 5.32972e-06 0 7.15237e-06 6.89163e-06 1.29792e-05 0 9.5101e-06 1.21517e-05 0 0 
7.05764e-06 0 0 4.27541e-06 1.22687e-05 2.53058e-06 1.71092e-05 3.30978e-06 0 3.11645e-06 9.15477e-06 9.0304e-07 4.37222e-06 8.71119e-07 1.3339e-05 7.1392e-06 7.40663e-06 1.4762e-05 9.1783e-06 2.40808e-05 1.89572e-05 1.33508e-05 2.07538e-05 1.26003e-05 1.23613e-05 3.50426e-05 4.74164e-05 4.62106e-05 4.15148e-05 7.1751e-05 0.000124342 0.000161094 0.000175097 0.000272242 0.000381233 0.000566158 0.000674297 0.000907597 0.00102715 0.00119853 0.00141188 0.00167787 0.00164355 0.00186485 0.00199095 0.0018771 0.00201754 0.00182238 0.0018527 0.00210893 0.00200612 0.00193975 0.00189952 0.00200227 0.00198994 0.00184319 0.0018372 0.00175567 0.00165013 0.00139982 0.00119443 0.00116988 0.000877919 0.000803207 0.000457679 0.0003617 0.000234854 0.000189698 0.000143203 9.75202e-05 7.34769e-05 4.97779e-05 4.42266e-05 2.49062e-05 2.33543e-05 3.86636e-05 1.35314e-05 2.69881e-05 3.78663e-05 1.8854e-05 1.49989e-05 1.37621e-05 1.59502e-05 2.59489e-05 1.05523e-05 3.32859e-06 1.45256e-06 0 5.80299e-06 9.03266e-06 0 6.55492e-06 0 1.09547e-05 6.78402e-06 1.10569e-05 1.34463e-06 1.4524e-05 3.32217e-06 0 
8.58502e-06 0 0 9.75762e-06 3.83451e-06 3.67291e-06 6.01097e-06 0 0 8.27586e-06 2.65336e-06 8.98061e-07 3.56803e-06 1.39541e-05 1.26791e-05 4.59496e-06 1.19734e-05 1.18313e-05 9.76598e-06 2.6742e-05 1.80499e-05 9.55693e-06 1.23801e-05 1.45303e-05 1.08145e-05 5.12029e-05 4.98047e-05 2.86137e-05 7.20365e-05 8.32391e-05 0.000121817 0.00019812 0.000177785 0.000326733 0.00038154 0.000596248 0.000645989 0.000924602 0.00110674 0.00121438 0.00152131 0.00168712 0.00175649 0.00193877 0.00203887 0.00194296 0.00210481 0.00193436 0.00190837 0.0022242 0.00212537 0.00210915 0.0020321 0.00207077 0.00209894 0.00196447 0.00192634 0.00176999 0.00169824 0.00148279 0.00124448 0.0011829 0.000920032 0.000769653 0.000497708 0.000382798 0.000252926 0.000211507 0.000141701 0.000119355 8.38486e-05 5.40562e-05 4.74662e-05 2.35239e-05 2.24932e-05 2.18489e-05 2.82754e-05 2.25987e-05 2.40977e-05 2.85443e-05 1.17647e-05 1.3055e-05 3.10434e-05 1.22253e-05 1.71981e-05 3.05631e-06 0 1.60942e-06 7.83019e-06 5.41854e-06 0 8.47355e-06 0 5.27156e-06 1.40125e-05 1.08262e-05 0 0 7.19028e-06 0 
0 0 2.71318e-06 9.20045e-06 0 9.09544e-06 3.43887e-06 0 0 1.65612e-05 5.30257e-06 7.75721e-06 0 1.31898e-05 2.06649e-07 1.40225e-06 3.34038e-06 2.12434e-05 3.08117e-05 2.44907e-05 1.23776e-05 1.15679e-05 7.05055e-06 2.63449e-05 3.1806e-05 6.02999e-05 4.12092e-05 3.26009e-05 7.51859e-05 7.94726e-05 0.00013509 0.000168868 0.000201235 0.000346541 0.000404393 0.000659073 0.000659459 0.000948855 0.00115958 0.00137524 0.0015493 0.00170649 0.00195559 0.00196325 0.00219668 0.00207381 0.0021471 0.00213177 0.00208091 0.00233566 0.00224382 0.00212871 0.00208917 0.00212559 0.0021495 0.00198543 0.00206191 0.00173685 0.00170209 0.00161596 0.00132146 0.00121433 0.00093761 0.000801242 0.000547585 0.000455106 0.000284999 0.000250025 0.000161172 0.000104071 9.1666e-05 5.10804e-05 4.11087e-05 3.02311e-05 1.68096e-05 2.46402e-05 2.50932e-05 2.32973e-05 1.44198e-05 3.03419e-05 2.98374e-05 1.19973e-05 2.14538e-05 2.1236e-05 7.39738e-06 2.48382e-05 0 0 1.53364e-05 1.86709e-05 0 0 0 9.33614e-06 3.15723e-06 5.63695e-06 0 0 9.59107e-08 0 
0 0 6.24006e-06 3.2906e-06 0 1.24146e-05 0 0 1.4975e-05 1.30354e-05 2.04287e-05 9.92608e-06 8.16002e-06 4.40667e-06 0 0 1.09579e-05 5.72961e-06 4.45047e-05 1.52347e-05 7.59987e-06 1.52302e-05 4.51225e-06 3.1222e-05 4.40553e-05 4.18696e-05 5.39646e-05 3.20621e-05 8.43132e-05 8.25302e-05 0.00014263 0.000171232 0.000241008 0.000353293 0.000477002 0.000718502 0.000717133 0.00104692 0.00114441 0.00147529 0.00172298 0.00186461 0.00193663 0.00207372 0.00225131 0.00223364 0.00228777 0.00217336 0.00226974 0.00242184 0.00230494 0.00237766 0.00233221 0.00221953 0.00238823 0.00209765 0.00219622 0.00183736 0.0018712 0.00166521 0.00141207 0.00129776 0.000993695 0.000863764 0.000560766 0.000498391 0.000342259 0.000267975 0.000193741 0.000120656 9.03445e-05 7.07054e-05 5.19092e-05 2.30128e-05 2.7346e-05 2.38725e-05 2.34945e-05 3.76352e-05 3.01538e-05 1.98505e-05 2.03459e-05 3.39508e-05 8.84724e-06 2.17824e-05 2.06662e-06 1.9338e-05 0 3.42241e-06 0 1.32368e-05 1.67052e-05 0 2.32348e-06 1.45131e-05 4.31201e-06 6.06534e-06 0 0 5.70315e-08 0 
5.41333e-08 5.9523e-06 0 3.52661e-06 2.68246e-06 1.55851e-05 8.35527e-06 0 2.07766e-05 0 7.03532e-06 0 1.93382e-05 5.03823e-06 0 1.24854e-06 1.62459e-05 2.91342e-05 2.79864e-05 8.27377e-06 1.46168e-05 3.34751e-05 2.35317e-05 1.74738e-05 5.40876e-05 4.71804e-05 5.42962e-05 6.24063e-05 7.59039e-05 7.50207e-05 0.000151182 0.000185548 0.000292324 0.000365118 0.000499361 0.000749539 0.000756936 0.00113688 0.00121719 0.0015773 0.00190692 0.00188388 0.00212489 0.00211562 0.00248425 0.00228832 0.00257608 0.00243876 0.00242403 0.00253783 0.00260138 0.00261712 0.00247386 0.00242531 0.0025656 0.00235409 0.00232863 0.00185526 0.00203949 0.00172988 0.00146265 0.00139335 0.0010565 0.000887553 0.000579753 0.000504629 0.000414812 0.000267697 0.000199631 0.000143226 8.48822e-05 7.30506e-05 4.59432e-05 3.27988e-05 3.0856e-05 3.881e-05 3.18608e-05 1.88673e-05 3.60891e-05 2.62459e-05 2.36261e-05 1.97113e-05 1.28096e-05 6.75915e-06 5.12583e-06 2.45124e-05 0 2.12532e-06 3.75503e-06 0 5.68505e-06 0 2.0471e-06 6.63478e-06 0 1.15648e-05 0 0 0 0 
0 6.36296e-06 1.57607e-06 2.32277e-06 0 1.43731e-05 0 0 2.36412e-05 4.96419e-06 7.49594e-06 0 0 6.51891e-06 0 7.08792e-06 7.8578e-06 5.80185e-05 3.16926e-05 2.71816e-06 3.22696e-05 1.66589e-05 3.88434e-05 3.08943e-05 3.61778e-05 2.0806e-05 5.36413e-05 6.0151e-05 9.03652e-05 7.227e-05 0.000164347 0.000262214 0.000275407 0.000383063 0.000571416 0.000828688 0.000799097 0.00120048 0.00132299 0.00168281 0.00211622 0.00203048 0.00214871 0.00228612 0.00261289 0.0025283 0.00278562 0.00272845 0.00258961 0.00278788 0.00274072 0.00271745 0.00287779 0.00262229 0.00279262 0.00258872 0.00250231 0.00214366 0.00215023 0.00182494 0.00153096 0.00148128 0.00108987 0.000929558 0.000653669 0.00048408 0.000457296 0.000235419 0.000271238 0.000156182 8.35017e-05 7.37098e-05 2.65806e-05 8.00626e-05 3.94041e-05 1.72379e-05 4.97021e-05 3.30904e-05 5.25516e-05 3.16907e-05 1.73092e-05 1.94154e-05 2.17041e-05 6.21225e-06 1.3796e-06 9.78788e-06 0 2.67568e-06 6.75607e-06 0 1.69815e-06 0 0 5.73693e-07 0 7.29055e-06 8.64372e-06 0 0 0 
3.52578e-06 4.57505e-06 4.81339e-06 0 0 8.60729e-07 0 9.19751e-06 0 1.05039e-05 4.39939e-07 0 1.42201e-06 1.28762e-06 0 4.86589e-06 1.06604e-05 2.74256e-05 2.48757e-05 6.46574e-06 5.02131e-06 2.6605e-05 3.65188e-05 2.45467e-05 3.628e-05 2.97976e-05 7.67426e-05 6.43822e-05 6.54711e-05 9.08693e-05 0.000186994 0.000217461 0.000324035 0.000434111 0.000589574 0.000808991 0.000902049 0.00125707 0.0015281 0.0018397 0.00216367 0.00230755 0.00229429 0.00252902 0.00284486 0.00278177 0.00318355 0.00302281 0.00286153 0.00319047 0.00305888 0.0031276 0.00328971 0.0029032 0.00303251 0.00283408 0.00275936 0.00238027 0.00240095 0.00207247 0.0017057 0.0017083 0.00116279 0.000998433 0.000773962 0.000616478 0.00044155 0.000262922 0.000251115 0.000198873 0.00013817 6.43016e-05 3.79722e-05 4.13797e-05 6.18823e-05 1.78597e-05 3.41382e-05 5.78826e-05 3.64538e-05 4.2927e-05 4.05326e-05 2.06752e-05 2.93028e-05 2.74223e-06 8.25855e-06 7.54659e-06 2.99495e-06 2.04644e-06 7.2563e-06 6.51145e-06 1.09787e-05 0 0 0 0 0 2.21767e-05 0 0 0 
1.8601e-05 0 3.3543e-06 0 0 0 0 7.84944e-06 0 3.36029e-06 1.33065e-05 0 0 0 0 5.07621e-06 1.76367e-05 1.16412e-05 5.49143e-06 6.18217e-06 0 1.86299e-05 1.65247e-05 4.35103e-05 2.95676e-05 3.44574e-05 9.24056e-05 8.86406e-05 6.97321e-05 0.000103737 0.00022194 0.000248118 0.000399041 0.00048418 0.000657622 0.000858626 0.00111939 0.00142156 0.00166633 0.00225152 0.00236647 0.00252156 0.0025849 0.00287097 0.00320792 0.00314793 0.00350648 0.00318126 0.00323754 0.00362931 0.00351555 0.0033781 0.00378888 0.00328761 0.00341141 0.00308965 0.00322942 0.00270776 0.00259774 0.00227387 0.00188723 0.00189439 0.00130966 0.0011328 0.000806489 0.000592521 0.000416204 0.000282585 0.000236775 0.000227407 0.000190607 9.15659e-05 2.19668e-05 4.27261e-05 2.94255e-05 3.35133e-05 4.36473e-05 5.7081e-05 3.45599e-05 2.61434e-05 8.86915e-06 1.4454e-05 2.14919e-05 2.04374e-05 1.79975e-05 9.34078e-08 1.46996e-05 1.30138e-05 7.19877e-06 7.80228e-06 1.03754e-05 0 0 0 0 0 2.50937e-05 0 0 0 
0 0 4.54589e-06 0 0 0 0 1.34505e-05 0 7.0715e-06 0 0 0 0 0 5.85827e-06 3.63961e-05 8.07011e-06 6.8087e-06 2.89058e-06 1.12312e-05 1.11109e-05 2.97562e-05 2.80474e-05 1.93781e-05 6.3266e-05 8.26473e-05 8.69179e-05 9.59307e-05 0.000142219 0.000201802 0.000241162 0.000425108 0.000537672 0.000728826 0.000954803 0.0012737 0.00140269 0.00185507 0.00246811 0.00259064 0.00290894 0.00306718 0.00328749 0.00350644 0.00364927 0.00374964 0.00355815 0.00365785 0.00392223 0.00386781 0.00369792 0.00408491 0.0037317 0.00391395 0.00355131 0.00361555 0.00306213 0.00292256 0.00245586 0.00203102 0.00213416 0.00152063 0.00131189 0.000822748 0.000714611 0.00046876 0.000321003 0.000209357 0.000245532 0.000182968 8.79262e-05 2.26926e-05 5.32882e-05 4.1446e-05 5.22386e-05 2.51925e-05 2.83046e-05 1.10213e-05 1.58631e-05 1.51176e-05 1.58638e-05 4.04753e-05 1.59556e-05 0 1.19792e-07 1.0068e-05 1.19469e-05 5.80401e-06 0 0 0 0 0 0 0 0 0 0 0 
0 0 2.41648e-06 0 0 0 0 0 0 7.53665e-06 0 0 0 0 0 6.72084e-06 0 1.19617e-05 9.26928e-06 0 0 1.43401e-05 2.91347e-05 1.83714e-06 1.85969e-05 8.01662e-05 7.59366e-05 0.00010163 8.36267e-05 0.00015188 0.000228308 0.000264077 0.00042742 0.000638094 0.000741773 0.000968276 0.00126385 0.00145726 0.00214891 0.00250192 0.00268736 0.00296231 0.00324101 0.00341875 0.00360253 0.00373829 0.00378148 0.00383379 0.00364809 0.00388435 0.00384339 0.00429055 0.00418902 0.00361135 0.00392679 0.00350989 0.00357268 0.00314376 0.0029489 0.00268436 0.0022382 0.00213981 0.00152893 0.00149724 0.00100565 0.000793651 0.000458733 0.000393758 0.000225926 0.000241111 0.000147552 0.000113169 4.72865e-05 1.55975e-05 3.17206e-05 4.25605e-05 1.32946e-05 2.40569e-05 1.18277e-05 8.0862e-06 1.61519e-05 2.35174e-05 6.8727e-06 2.65392e-05 0 0 1.64554e-05 0 1.19045e-05 0 0 0 0 0 0 0 0 0 0 0 
0 0 0 0 0 0 0 0 0 1.07353e-05 0 0 0 0 5.67055e-06 3.19147e-06 0 9.82827e-06 9.9189e-06 0 0 2.03147e-05 1.33328e-05 0 8.63044e-06 5.41968e-05 6.26909e-05 8.78199e-05 5.41024e-05 0.000106955 0.00021747 0.000308183 0.000434174 0.000653814 0.000661818 0.000999564 0.0012114 0.00158864 0.00207337 0.00232042 0.00263535 0.00287142 0.00329822 0.00311019 0.00327115 0.00331341 0.00321404 0.00322313 0.00327639 0.00348244 0.00330995 0.00336034 0.00396436 0.0032945 0.00370239 0.00314031 0.00336119 0.00293564 0.0025679 0.00233981 0.00219535 0.00230516 0.00152641 0.00137931 0.00109131 0.000746682 0.000469485 0.000398021 0.000224351 0.000274381 0.000145628 5.66304e-05 6.15721e-05 3.69853e-06 1.70958e-05 2.74467e-05 1.06059e-05 1.77088e-05 1.89498e-05 0 1.74943e-05 0 1.17486e-05 5.62243e-06 0 0 6.59349e-07 0 1.22295e-05 0 0 0 0 0 0 0 0 0 0 0 
0 0 0 0 0 0 0 0 0 1.12218e-05 0 0 0 0 1.57906e-05 0 0 1.44068e-05 0 0 0 5.93231e-06 0 0 7.03117e-06 3.34433e-05 8.74404e-05 9.76919e-05 4.88363e-05 0.000136389 0.000208503 0.000359058 0.000426344 0.000569926 0.000542988 0.000921367 0.00110606 0.00145849 0.00188162 0.0019138 0.00193968 0.00224515 0.0024969 0.00239101 0.00238263 0.00237775 0.00225577 0.00236247 0.00242525 0.00255234 0.00218523 0.0025925 0.00267312 0.00247186 0.00271487 0.00240609 0.00276592 0.00222525 0.00197662 0.00192732 0.00168345 0.00193764 0.00129679 0.00113217 0.000958847 0.00071823 0.000454209 0.000419306 0.000269533 0.000288767 0.000107665 8.03139e-05 3.54143e-05 2.18234e-05 2.60919e-05 2.20304e-05 3.17586e-05 0 2.84918e-05 0 0 0 1.42513e-05 4.26761e-06 0 0 0 0 0 0 0 0 0 0 0 0 0 0 0 0 
0 0 0 0 0 0 0 0 0 0 0 0 0 0 0 0 0 0 0 0 0 0 0 0 2.73256e-05 5.23161e-06 8.17372e-05 4.07712e-05 4.17063e-05 9.89009e-05 0.000204788 0.000245068 0.00034962 0.000498991 0.000461678 0.000819706 0.000979813 0.00111291 0.00136021 0.00147022 0.00152544 0.00158786 0.00152402 0.00143292 0.0015649 0.0015641 0.00119663 0.00146592 0.00132238 0.00125482 0.00134922 0.00143575 0.00154358 0.00146357 0.00159798 0.00176818 0.00181762 0.0014055 0.00157992 0.00138444 0.0011908 0.00145354 0.0009274 0.000904087 0.000711146 0.000632471 0.000436513 0.000391633 0.0002193 0.00019358 6.39339e-05 3.78427e-05 3.89649e-05 1.72423e-05 0 1.85631e-05 3.42806e-05 0 0 2.39037e-07 0 0 1.6689e-05 7.30059e-06 0 0 0 0 0 0 0 0 0 0 0 0 0 0 0 0 
0 0 0 0 0 0 0 0 0 0 0 2.86491e-07 0 0 0 0 0 1.58815e-05 0 0 0 0 0 0 1.77161e-05 0 2.24931e-05 3.98358e-05 3.31392e-05 5.24591e-05 0.000212382 0.000171703 0.000252052 0.000216528 0.000426481 0.000638033 0.000668037 0.000657274 0.000974248 0.000923805 0.000783732 0.000845788 0.0008837 0.000773904 0.000708118 0.000627688 0.000646034 0.000820328 0.000633515 0.000489938 0.000565719 0.000664171 0.000722891 0.000569902 0.000842357 0.000791622 0.000963049 0.000772541 0.000847531 0.000775879 0.000605798 0.000875847 0.000672075 0.000554284 0.000364861 0.000338441 0.000231923 0.000184033 0.000185536 0.000113196 4.28832e-05 1.15728e-05 2.41494e-05 1.46144e-05 0 0 3.97739e-05 0 0 0 0 0 0 7.15067e-06 0 0 0 0 0 0 0 0 0 0 0 0 0 0 0 0 
0 0 0 0 0 0 0 0 0 0 0 0 0 0 0 0 0 0 0 0 0 0 0 0 0 0 0 4.98876e-05 8.91219e-06 5.5183e-05 7.01902e-05 5.09948e-05 6.57096e-05 0.00013712 0.000283707 0.00030347 0.000223231 0.000297362 0.000407835 0.000407445 0.000231809 0.00039183 0.000482907 0.000237257 0.000211747 0.000247203 0.000200435 0.000238023 0.00014416 0.00011631 0.000256704 0.00021967 0.000153444 0.000204028 0.000260054 0.000325236 0.000392916 0.000370536 0.000475027 0.000323485 0.000346507 0.000445637 0.000385512 0.000357266 0.00023796 0.000223162 0.000105244 5.77925e-05 6.26398e-05 2.47715e-05 0 1.07413e-05 2.95385e-05 0 0 0 1.42015e-05 0 0 0 0 0 0 9.72595e-06 0 0 0 0 0 0 0 0 0 0 0 0 0 0 0 0 
0 0 0 0 0 0 0 0 0 0 0 9.07096e-07 0 0 0 0 0 0 0 0 0 0 0 0 0 0 9.16122e-06 2.03084e-05 1.71287e-05 2.47205e-05 1.23009e-05 3.1577e-05 2.39958e-05 5.06408e-05 7.83749e-05 9.85589e-05 4.2554e-05 0.000163857 0.000111163 0.000133597 9.48312e-05 0.00013802 7.51566e-05 7.34693e-05 6.83105e-05 0.000111897 4.73653e-05 4.93828e-05 4.77749e-05 2.70743e-05 3.79137e-05 7.12218e-05 0 0.000106803 5.15717e-05 7.16713e-05 0.000187835 0.000176512 0.000127379 0.000130572 0.000102823 0.000173725 0.000180173 0.000128145 8.26704e-05 9.45075e-05 0.000107016 8.0246e-06 1.19279e-05 0 2.55458e-05 1.11615e-05 0 0 0 0 0 0 0 0 0 0 0 1.3809e-05 0 0 0 0 0 0 0 0 0 0 0 0 0 0 0 0 
0 0 0 0 0 0 0 0 0 0 0 4.42216e-06 0 0 0 0 0 0 0 0 0 0 0 0 0 0 5.92437e-06 0 0 0 0 0 0 2.29544e-05 0.000104206 2.3992e-05 2.41992e-05 5.52983e-05 4.34155e-05 7.27377e-05 1.05693e-05 1.96184e-05 1.06271e-05 2.81481e-05 1.57336e-05 2.06322e-05 2.5387e-06 0 1.70976e-05 0 1.83582e-07 0 0 0 0 0 2.6094e-05 1.12214e-05 5.29403e-05 5.99671e-05 2.57973e-05 7.72698e-06 9.6588e-05 4.36755e-05 6.50846e-06 3.50663e-05 2.30621e-05 0 8.10262e-06 0 0 1.03182e-05 0 0 0 0 0 0 0 0 0 0 0 0 0 0 0 0 0 0 0 0 0 0 0 0 0 0 0 0 
0 0 0 0 0 0 0 0 0 0 0 5.50398e-06 0 0 0 0 0 0 0 0 0 0 0 0 0 0 0 0 0 1.49546e-05 0 0 0 0 2.1682e-05 0 0 0 0 1.2056e-05 0 0 0 1.77459e-05 0 0 0 0 0 0 0 0 0 0 0 8.20651e-06 5.78456e-06 9.27335e-06 1.19943e-05 8.57895e-06 0 0 4.00862e-06 3.24996e-05 0 0 0 0 0 0 0 0 0 0 0 0 0 0 0 0 0 0 0 0 0 0 0 0 0 0 0 0 0 0 0 0 0 0 0 0 
0 0 0 0 0 0 0 0 0 0 0 6.66052e-06 0 0 0 0 0 0 0 0 0 0 0 0 0 0 0 0 0 7.58712e-08 0 0 0 0 0 0 0 0 0 0 0 0 0 0 0 0 0 0 0 0 0 0 0 0 0 0 0 0 0 1.70162e-05 0 0 0 1.50443e-05 0 0 0 0 0 0 0 0 0 0 0 0 0 0 0 0 0 0 0 0 0 0 0 0 0 0 0 0 0 0 0 0 0 0 0 0 
0 0 0 0 0 0 0 0 0 0 3.00147e-06 2.42234e-06 0 0 0 0 0 0 8.71536e-07 0 0 0 0 0 0 0 0 0 0 0 0 0 0 0 0 0 0 0 0 0 0 0 0 0 0 0 0 0 0 0 0 0 0 0 0 0 0 0 0 0 0 0 0 3.25062e-06 0 0 0 0 0 0 0 0 0 0 0 0 0 0 0 1.03609e-07 1.13585e-07 0 0 0 0 0 0 0 0 0 0 0 0 0 0 0 0 0 0 0 
0 0 0 0 0 0 0 1.30117e-05 0 0 9.88353e-06 1.72619e-08 1.64405e-07 0 0 0 0 0 0 0 0 0 0 0 0 0 0 0 0 0 0 0 0 0 0 0 0 0 0 0 0 0 0 0 0 0 0 0 0 0 0 0 0 0 0 0 0 0 0 0 0 0 0 0 0 0 0 0 0 0 0 0 0 0 0 0 0 0 0 0 0 0 0 0 0 0 0 0 0 0 0 0 0 0 0 0 0 0 0 0 
0 0 0 0 0 0 0 0 0 0 5.6033e-06 0 0 0 0 0 0 0 0 0 0 0 0 0 1.12875e-07 1.545e-07 0 0 0 0 0 0 0 0 0 0 0 0 0 0 0 0 0 0 0 0 0 0 0 0 0 0 0 0 0 0 0 0 0 0 0 0 0 0 0 0 0 0 0 0 0 0 0 0 0 0 0 0 0 0 0 0 0 0 0 0 0 0 0 0 0 0 0 0 0 0 0 0 0 0 
0 0 0 0 0 0 0 0 0 0 0 0 0 0 0 0 0 0 0 0 0 0 1.3081e-07 8.74102e-07 2.70018e-07 0 0 0 0 0 0 0 0 0 0 0 0 0 0 0 0 0 0 0 0 0 0 0 0 0 0 0 0 0 0 0 0 0 0 0 0 0 0 0 0 0 0 0 0 0 0 0 0 0 0 0 0 0 0 0 0 0 0 0 0 0 0 0 0 0 0 0 0 0 0 0 0 0 0 0 
0 0 0 0 0 0 0 0 0 0 0 0 0 0 0 0 0 0 0 0 0 0 0 0 0 0 0 0 0 0 0 0 0 0 0 0 0 0 0 0 0 0 0 0 0 0 0 0 0 0 0 0 0 0 0 0 0 0 0 0 0 0 0 0 0 0 0 0 0 0 0 0 0 0 0 0 0 0 0 0 0 0 0 0 0 0 0 0 0 0 0 0 0 0 0 0 0 0 0 0 
0 0 0 0 0 0 0 0 0 0 0 0 0 0 0 0 0 0 0 0 0 0 0 0 0 0 0 0 0 0 0 0 0 0 0 0 0 0 0 0 0 0 0 0 0 0 0 0 0 0 0 0 0 0 0 0 0 0 0 0 0 0 0 0 0 0 0 0 0 0 0 0 0 0 0 0 0 0 0 0 0 0 0 0 0 0 0 0 0 0 0 0 0 0 0 0 0 0 0 0 
0 0 0 0 0 0 0 0 0 0 0 0 0 0 0 0 0 0 0 0 0 0 0 0 0 0 0 0 0 0 0 0 0 0 0 0 0 0 0 0 0 0 0 0 0 0 0 0 0 0 0 0 0 0 0 0 0 0 0 0 0 0 0 0 0 0 0 0 0 0 0 0 0 0 0 0 0 0 0 0 0 0 0 0 0 0 0 0 0 0 0 0 0 0 0 0 0 0 0 0 
0 0 0 0 0 0 0 0 0 0 0 0 0 0 0 0 0 0 0 0 0 0 0 0 0 0 0 0 0 0 0 0 0 0 0 0 0 0 0 0 0 0 0 0 0 0 0 0 0 0 0 0 0 0 0 0 0 0 0 0 0 0 0 0 0 0 0 0 0 0 0 0 0 0 0 0 0 0 0 0 0 0 0 0 0 0 0 0 0 0 0 0 0 0 0 0 0 0 0 0 
0 0 0 0 0 0 0 0 0 0 0 0 0 0 0 0 0 0 0 0 0 0 0 0 0 0 0 0 0 0 0 0 0 0 0 0 0 0 0 0 0 0 0 0 0 0 0 0 0 0 0 0 0 0 0 0 0 0 0 0 0 0 0 0 0 0 0 0 0 0 0 0 0 0 0 0 0 0 0 0 0 0 0 0 0 0 0 0 0 0 0 0 0 0 0 0 0 0 0 0 
0 0 0 0 0 0 0 0 0 0 0 0 0 0 0 0 0 0 0 0 0 0 0 0 0 0 0 0 0 0 0 0 0 0 0 0 0 0 0 0 0 0 0 0 0 0 0 0 0 0 0 0 0 0 0 0 0 0 0 0 0 0 0 0 0 0 0 0 0 0 0 0 0 0 0 0 0 0 0 0 0 0 0 0 0 0 0 0 0 0 0 0 0 0 0 0 0 0 0 0 
0 0 0 0 0 0 0 0 0 0 0 0 0 0 0 0 0 0 0 0 0 0 0 0 0 0 0 0 0 0 0 0 0 0 0 0 0 0 0 0 0 0 0 0 0 0 0 0 0 0 0 0 0 0 0 0 0 0 0 0 0 0 0 0 0 0 0 0 0 0 0 0 0 0 0 0 0 0 0 0 0 0 0 0 0 0 0 0 0 0 0 0 0 0 0 0 0 0 0 0 
0 0 0 0 0 0 0 0 0 0 0 0 0 0 0 0 0 0 0 0 0 0 0 0 0 0 0 0 0 0 0 0 0 0 0 0 0 0 0 0 0 0 0 0 0 0 0 0 0 0 0 0 0 0 0 0 0 0 0 0 0 0 0 0 0 0 0 0 0 0 0 0 0 0 0 0 0 0 0 0 0 0 0 0 0 0 0 0 0 0 0 0 0 0 0 0 0 0 0 0 
0 0 0 0 0 0 0 0 0 0 0 0 0 0 0 0 0 0 0 0 0 0 0 0 0 0 0 0 0 0 0 0 0 0 0 0 0 0 0 0 0 0 0 0 0 0 0 0 0 0 0 0 0 0 0 0 0 0 0 0 0 0 0 0 0 0 0 0 0 0 0 0 0 0 0 0 0 0 0 0 0 0 0 0 0 0 0 0 0 0 0 0 0 0 0 0 0 0 0 0 
0 0 0 0 0 0 0 0 0 0 0 0 0 0 0 0 0 0 0 0 0 0 0 0 0 0 0 0 0 0 0 0 0 0 0 0 0 0 0 0 0 0 0 0 0 0 0 0 0 0 0 0 0 0 0 0 0 0 0 0 0 0 0 0 0 0 0 0 0 0 0 0 0 0 0 0 0 0 0 0 0 0 0 0 0 0 0 0 0 0 0 0 0 0 0 0 0 0 0 0 
0 0 0 0 0 0 0 0 0 0 0 0 0 0 0 0 0 0 0 0 0 0 0 0 0 0 0 0 0 0 0 0 0 0 0 0 0 0 0 0 0 0 0 0 0 0 0 0 0 0 0 0 0 0 0 0 0 0 0 0 0 0 0 0 0 0 0 0 0 0 0 0 0 0 0 0 0 0 0 0 0 0 0 0 0 0 0 0 0 0 0 0 0 0 0 0 0 0 0 0 
0 0 0 0 0 0 0 0 0 0 0 0 0 0 0 0 0 0 0 0 0 0 0 0 0 0 0 0 0 0 0 0 0 0 0 0 0 0 0 0 0 0 0 0 0 0 0 0 0 0 0 0 0 0 0 0 0 0 0 0 0 0 0 0 0 0 0 0 0 0 0 0 0 0 0 0 0 0 0 0 0 0 0 0 0 0 0 0 0 0 0 0 0 0 0 0 0 0 0 0 
0 0 0 0 0 0 0 0 0 0 0 0 0 0 0 0 0 0 0 0 0 0 0 0 0 0 0 0 0 0 0 0 0 0 0 0 0 0 0 0 0 0 0 0 0 0 0 0 0 0 0 0 0 0 0 0 0 0 0 0 0 0 0 0 0 0 0 0 0 0 0 0 0 0 0 0 0 0 0 0 0 0 0 0 0 0 0 0 0 0 0 0 0 0 0 0 0 0 0 0 
0 0 0 0 0 0 0 0 0 0 0 0 0 0 0 0 0 0 0 0 0 0 0 0 0 0 0 0 0 0 0 0 0 0 0 0 0 0 0 0 0 0 0 0 0 0 0 0 0 0 0 0 0 0 0 0 0 0 0 0 0 0 0 0 0 0 0 0 0 0 0 0 0 0 0 0 0 0 0 0 0 0 0 0 0 0 0 0 0 0 0 0 0 0 0 0 0 0 0 0 
0 0 0 0 0 0 0 0 0 0 0 0 0 0 0 0 0 0 0 0 0 0 0 0 0 0 0 0 0 0 0 0 0 0 0 0 0 0 0 0 0 0 0 0 0 0 0 0 0 0 0 0 0 0 0 0 0 0 0 0 0 0 0 0 0 0 0 0 0 0 0 0 0 0 0 0 0 0 0 0 0 0 0 0 0 0 0 0 0 0 0 0 0 0 0 0 0 0 0 0 
0 0 0 0 0 0 0 0 0 0 0 0 0 0 0 0 0 0 0 0 0 0 0 0 0 0 0 0 0 0 0 0 0 0 0 0 0 0 0 0 0 0 0 0 0 0 0 0 0 0 0 0 0 0 0 0 0 0 0 0 0 0 0 0 0 0 0 0 0 0 0 0 0 0 0 0 0 0 0 0 0 0 0 0 0 0 0 0 0 0 0 0 0 0 0 0 0 0 0 0 
0 0 0 0 0 0 0 0 0 0 0 0 0 0 0 0 0 0 0 0 0 0 0 0 0 0 0 0 0 0 0 0 0 0 0 0 0 0 0 0 0 0 0 0 0 0 0 0 0 0 0 0 0 0 0 0 0 0 0 0 0 0 0 0 0 0 0 0 0 0 0 0 0 0 0 0 0 0 0 0 0 0 0 0 0 0 0 0 0 0 0 0 0 0 0 0 0 0 0 0 
0 0 0 0 0 0 0 0 0 0 0 0 0 0 0 0 0 0 0 0 0 0 0 0 0 0 0 0 0 0 0 0 0 0 0 0 0 0 0 0 0 0 0 0 0 0 0 0 0 0 0 0 0 0 0 0 0 0 0 0 0 0 0 0 0 0 0 0 0 0 0 0 0 0 0 0 0 0 0 0 0 0 0 0 0 0 0 0 0 0 0 0 0 0 0 0 0 0 0 0 
0 0 0 0 0 0 0 0 0 0 0 0 0 0 0 0 0 0 0 0 0 0 0 0 0 0 0 0 0 0 0 0 0 0 0 0 0 0 0 0 0 0 0 0 0 0 0 0 0 0 0 0 0 0 0 0 0 0 0 0 0 0 0 0 0 0 0 0 0 0 0 0 0 0 0 0 0 0 0 0 0 0 0 0 0 0 0 0 0 0 0 0 0 0 0 0 0 0 0 0 
0 0 0 0 0 0 0 0 0 0 0 0 0 0 0 0 0 0 0 0 0 0 0 0 0 0 0 0 0 0 0 0 0 0 0 0 0 0 0 0 0 0 0 0 0 0 0 0 0 0 0 0 0 0 0 0 0 0 0 0 0 0 0 0 0 0 0 0 0 0 0 0 0 0 0 0 0 0 0 0 0 0 0 0 0 0 0 0 0 0 0 0 0 0 0 0 0 0 0 0 
0 0 0 0 0 0 0 0 0 0 0 0 0 0 0 0 0 0 0 0 0 0 0 0 0 0 0 0 0 0 0 0 0 0 0 0 0 0 0 0 0 0 0 0 0 0 0 0 0 0 0 0 0 0 0 0 0 0 0 0 0 0 0 0 0 0 0 0 0 0 0 0 0 0 0 0 0 0 0 0 0 0 0 0 0 0 0 0 0 0 0 0 0 0 0 0 0 0 0 0 
