#################################### 
# Matrix Size= (40,50,0.275)
# Resol      = (100,100,1)
# VoxelSize  = (0.4,0.5,0.275)
# nbVal      = 10000
#################################### 
0 0 0 0 0 0 0 0 0 0 0 0 0 0 0 0 0 0 0 0 0 0 0 0 0 0 0 0 0 0 0 0 0 0 0.748124 0.334546 0.97277 1.74791 1.61436 2.1702 1.09729 2.40723 3.93059 6.13281 2.51739 2.30621 3.60932 3.55558 5.83993 2.81096 3.66677 3.80336 5.34861 3.3254 4.41165 3.2466 3.61624 4.50766 2.07302 4.68473 3.26972 3.59936 0.537869 0.355985 0 0.602153 0 0 0 0 0 0 0.549182 0 0 0.538414 0 0 0 0 0 0 0 0 0 0 0 0 0 0 0 0 0 0 0 0 0 0 0 0 
0 0 0 0 0 0 0 0 0 0 0 0 0 0 0 0 0 0 0 0 0 0 0 0 0 0 0 0 0 0 0 0 0 0 1.27374 0.326272 1.40842 2.1724 0.928856 2.38132 1.0404 2.72516 2.77778 6.07759 2.73871 3.36547 3.44264 3.343 5.90221 3.03552 3.7634 4.09095 5.11928 2.82021 4.82567 2.77446 4.25402 4.95655 2.943 4.2024 3.00257 3.57407 0.567112 0.599432 0 0.107004 0.575467 0 0 0 0 0 0.638631 0.339425 0 0.554337 0 0 0 0 0 0 0 0 0 0 0 0 0 0 0 0 0 0 0 0 0 0 0 0 
0 0 0 0 0 0 0 0 0 0 0 0 0 0 0 0 0 0 0 0 0 0 0 0 0 0 0 0 0 0 0 0 0 0.360178 0.79977 0.507328 1.22893 1.79727 0.533742 3.39879 0.767198 4.28519 2.1987 5.08713 2.55844 4.13502 3.22927 3.54481 4.47892 2.71736 3.4981 3.49385 4.53769 3.16176 4.72503 2.5932 3.73291 5.29669 2.84507 4.42942 2.80692 2.36381 1.20699 0.585526 0 0 0.425783 0 0 0 0 0 0 0 0.724238 0.719309 0 0 0 0 0 0 0 0 0 0 0 0 0 0 0 0 0 0 0 0 0 0 0 0 
0 0 0 0 0 0 0 0 0 0 0 0 0 0 0 0 0 0 0 0 0 0 0 0 0 0 0 0 0 0 0 0 0 1.54554 0 0.610624 1.59847 1.19644 0.808706 2.17662 1.11547 2.69386 2.23044 5.52429 1.7739 3.42028 4.12561 3.50748 4.64493 3.16797 3.41759 3.33483 4.51804 3.61655 4.50929 2.43676 4.1915 4.8823 3.78693 5.38096 2.05535 2.44585 0.989937 0.595554 0 0 0.676693 0.417107 0 0 0 0 0 0 0.326024 1.00663 0 0 0 0 0 0 0 0 0 0 0 0 0 0 0 0 0 0 0 0 0 0 0 0 
0 0 0 0 0 0 0 0 0 0 0 0 0 0 0 0 0 0 0 0 0 0 0 0 0 0 0 0 0 0 0 0 0 0.487676 0 0.935412 2.06279 0.837212 0.420859 2.22926 0.933149 2.91871 2.28373 5.18613 1.9977 3.83351 3.85418 4.307 5.36215 2.44637 4.40235 3.42894 4.3058 4.22113 3.63203 2.75041 4.38322 4.15567 2.9319 5.84966 1.93122 3.03151 0.606931 0.550007 0.200898 0 0.68465 0.640206 0 0 0 0 0 0.420458 0.13463 0.686772 0.668357 0 0 0 0 0 0 0 0 0 0 0 0 0 0 0 0 0 0 0 0 0 0 0 
0 0 0 0 0 0 0 0 0 0 0 0 0 0 0 0 0 0 0 0 0 0 0 0 0 0 0 0 0 0 0 0 0 0.208048 0 1.21166 1.08542 0.667355 0.68553 2.21926 1.41276 3.38092 2.40351 5.59898 6.47201 3.73628 2.64461 4.15467 5.19548 1.16948 6.19981 2.62647 4.51116 5.39532 4.56193 2.78621 3.34253 3.67436 2.85207 5.07875 1.57519 3.36634 0.630725 0.896348 0.621764 0 0.572 0.562909 0 0 0 0 0 0 0.623082 0 1.3166 0 0 0 0 0 0 0 0 0 0 0 0 0 0 0 0 0 0 0 0 0 0 0 
0 0 0 0 0 0 0 0 0 0 0 0 0 0 0 0 0 0 0 0 0 0 0 0 0 0 0 0 0 0 0 0 0 0 0.482349 0.118735 1.29217 0.51724 0.511054 3.05201 2.1815 3.43083 2.77095 5.84085 2.98333 3.981 3.77273 4.17201 5.36182 1.22543 6.16246 2.13355 4.97593 5.71037 5.36452 3.2159 2.73251 4.35239 3.62995 3.99419 2.0284 2.81815 0.926339 1.06869 0.506775 0 0.112581 0.61296 0.461719 0 0 0 0 0 0.620593 0 0.673092 0 0 0 0 0 0 0 0 0 0 0 0 0 0 0 0 0 0 0 0 0 0 0 
0 0 0 0 0 0 0 0 0 0 0 0 0 0 0 0 0 0 0 0 0 0 0 0 0 0 0 0 0 0 0 0 0 0 0.564852 0 0.997651 0.670946 0.668137 3.33342 2.04638 2.90081 3.48126 5.21991 3.49902 4.67884 3.22669 3.64726 5.70249 0.997672 4.36911 2.18237 5.65484 5.6734 5.23244 3.17165 3.33443 3.76388 3.05281 3.59902 3.30921 2.85541 0.974164 0.607021 1.04094 0.0993515 0 0.625543 0.634788 0 0 0 0 0 0.134604 0.444901 0.571029 0 0 0 0 0 0 0 0 0 0 0 0 0 0 0 0 0 0 0 0 0 0 0 
0 0 0 0 0 0 0 0 0 0 0 0 0 0 0 0 0 0 0 0 0 0 0 0 0 0 0 0 0 0 0 0 0 0 0.589808 0 1.2758 0.632416 0.68713 2.38075 1.7365 3.5055 4.00073 5.25831 3.68327 5.38001 3.21752 3.7016 5.66649 1.53326 3.50937 1.91355 5.64573 5.56256 6.65839 2.85241 4.27708 2.74534 3.00139 6.42898 3.20195 2.77798 0.471535 0.586045 0.456885 0.569502 0 0.576734 0.595294 0 0 0 0 0 0 0.627164 0.40664 0.229522 0 0 0 0 0 0 0 0 0 0 0 0 0 0 0 0 0 0 0 0 0 0 
0 0 0 0 0 0 0 0 0 0 0 0 0 0 0 0 0 0 0 0 0 0 0 0 0 0 0 0 0 0 0 0 0 0 0.696297 0 1.27255 0.530255 0.472493 2.74725 1.49647 3.8398 4.27536 4.45634 4.42726 5.74175 2.57701 4.46448 5.84546 1.41412 4.00079 2.13792 5.10225 6.47206 6.00734 2.67799 2.82748 2.01593 2.04872 4.55904 3.34746 2.40893 0.640144 0.732662 0.509814 0.699745 0 0.740759 0.651788 0 0 0 0 0 0 0.652847 0.107633 0.609667 0 0 0 0 0 0 0 0 0 0 0 0 0 0 0 0 0 0 0 0 0 0 
0 0 0 0 0 0 0 0 0 0 0 0 0 0 0 0 0 0 0 0 0 0 0 0 0 0 0 0 0 0 0 0.220252 0 0 0.581466 0.0932172 0.636541 0.579291 0.567314 2.54437 2.36861 3.97947 4.26912 5.24146 4.24326 4.65618 3.04309 3.93449 7.12147 1.9177 3.95951 2.281 4.71663 7.1968 7.16481 4.32855 3.34896 1.79161 3.05433 3.29296 3.12209 2.8338 0.795624 0.728978 0.717333 0.660574 0 0.616466 0.677723 0 0 0 0 0 0 0 0 0.76712 0 0 0 0 0 0 0 0 0 0 0 0 0 0 0 0 0 0 0 0 0 0 
0 0 0 0 0 0 0 0 0 0 0 0 0 0 0 0 0 0 0 0 0 0 0 0 0 0 0 0 0 0 0 0.616761 0 0.69444 0 0 0.5318 1.35727 1.12184 1.71692 2.69334 4.25052 5.3202 5.0824 3.62365 5.5231 3.40719 3.30677 6.90919 3.9689 3.58252 2.4349 4.62168 7.02841 6.34901 3.74108 3.15376 1.9635 3.81287 3.37095 3.18504 2.47037 0.543621 0.744816 0.458007 0.641817 0 0 0.922571 0.591367 0 0 0 0 0 0 0 0.595579 0 0 0 0 0 0 0 0 0 0 0 0 0 0 0 0 0 0 0 0 0 0 
0 0 0 0 0 0 0 0 0 0 0 0 0 0 0 0 0 0 0 0 0 0 0 0 0 0 0 0 0 0 0.145257 0.576006 0 0.677047 0 0 0.730545 1.19757 1.29607 2.02052 3.05137 4.32274 4.449 4.91044 4.08187 5.40061 4.45507 2.73463 6.30274 4.8578 2.48128 1.84676 3.80908 5.90465 6.25518 4.71053 2.51647 1.81964 3.66664 3.58176 3.75366 2.42478 0.989078 0.554076 0.739881 0.631607 0 0 0.579797 0.468975 0 0 0 0 0 0 0 0.729362 0 0 0 0 0 0 0 0 0 0 0 0 0 0 0 0 0 0 0 0 0 0 
0 0 0 0 0 0 0 0 0 0 0 0 0 0 0 0 0 0 0 0 0 0 0 0 0 0 0 0 0 0 0.64823 0 0 0.70387 0 0 0.713713 1.37111 1.53174 1.74044 2.9492 3.88313 4.47386 4.10033 4.25957 5.9803 5.19504 2.89847 6.37592 3.43652 3.34212 2.10142 3.58648 5.89323 7.14776 3.91243 1.95933 2.15079 3.62742 3.40723 3.16152 3.60349 1.06747 0.921538 0.472147 0.614262 0 0 0.500761 0.648965 0 0 0 0 0 0 0 0 0.312703 0 0 0 0 0 0 0 0 0 0 0 0 0 0 0 0 0 0 0 0 0 
0 0 0 0 0 0 0 0 0 0 0 0 0 0 0 0 0 0 0 0 0 0 0 0 0 0 0 0 0 0 0.402786 0 0 0.698968 0 0 0.883743 0.862403 1.15194 1.71755 2.05487 4.54046 3.74553 3.75595 4.0845 7.14928 4.56281 2.18165 8.03555 3.46676 4.56815 1.22947 5.04312 5.64737 8.06842 4.96309 2.02164 1.92997 4.12627 2.29657 3.11481 2.94028 1.5626 0.683852 0.725396 0.592961 0 0 0.76973 0.262515 0 0 0 0.127829 0 0 0 0 0 0 0 0 0 0.257767 0.25506 0 0 0 0 0 0 0 0 0 0 0 0 0 0 0 
0 0 0 0 0 0 0 0 0 0 0 0 0 0 0 0 0 0 0 0 0 0 0 0 0 0 0 0 0 0 0 0 0.104561 1.11674 0 0 1.6747 0.729001 1.28545 2.52783 2.33614 4.79616 4.084 4.26717 4.88821 4.71928 4.96981 2.42706 7.72643 3.57038 4.77433 1.72237 5.54724 6.74792 8.4355 4.66552 2.05499 2.78001 4.73605 2.31417 3.09495 3.31641 0.73773 1.31857 0.506648 0.121348 0 0 0.540792 0.26669 0 0 0 0.750571 0 0 0 0 0 0 0 0 0 0 0.661194 0 0 0 0 0 0 0 0 0 0 0 0 0 0 0 
0 0 0 0 0 0 0 0 0 0 0 0 0 0 0 0 0 0 0 0 0 0 0 0 0 0 0 0 0 0 0 0 0.75129 0.377405 0 0 1.77959 0.435792 1.51849 3.98084 2.50512 4.8764 5.89547 4.58762 4.61514 5.21137 4.86957 3.39681 7.74675 4.48347 3.08007 1.76359 5.2038 6.56589 8.45221 3.93014 1.12949 2.59916 4.48017 3.14005 3.29687 3.48754 0.697486 0.991415 1.69342 0.361882 0 0 0 0.636992 0 0.732356 0 0.950501 0 0 0 0 0 0 0 0 0 0 0.703471 0 0 0 0 0 0 0 0 0 0 0 0 0 0 0 
0 0 0 0 0 0 0 0 0 0 0 0 0 0 0 0 0 0 0 0 0 0 0 0 0 0 0 0 0 0 0 0 1.34625 0 0 0.681678 1.50347 1.15425 1.24109 3.82513 2.8771 5.8956 7.03569 4.96789 4.29712 5.19174 4.62864 3.1069 5.36732 3.95426 4.921 1.60329 4.25832 7.64503 7.19861 5.15709 1.64989 2.4463 4.59555 3.15077 3.44908 3.49659 1.42221 0.800662 1.27025 1.05219 0 0 0 0.723645 0 0.557752 0.10904 0 0.737427 0 0 0 0 0 0 0 0 0 0 0.960855 0 0 0 0 0 0 0 0 0 0 0 0 0 0 
0 0 0 0 0 0 0 0 0 0 0 0 0 0 0 0 0 0 0 0 0 0 0 0 0 0 0 0 0 0 0 2.33665 0.475114 0 0 0.404661 1.1097 1.37696 1.44417 2.9139 2.74082 5.37583 4.25489 4.06105 6.05573 4.07149 4.54319 2.93601 4.89012 3.2231 4.92798 1.20639 4.40805 7.20395 6.31223 4.68581 2.68592 2.42349 3.86519 2.97497 2.69431 3.63897 2.37968 0.144905 0.641604 2.03403 0 0 0 0.528375 0 0 0.737163 0.131773 0.749774 0 0 0 0 0 0 0 0 0 0 0.841985 0 0 0 0 0 0 0 0 0 0 0 0 0 0 
0 0 0 0 0 0 0 0 0 0 0 0 0 0 0 0 0 0 0 0 0 0 0 0 0 0 0 0 0 0 0 2.0861 0 0 0 0 1.66934 1.29342 1.89699 2.85436 2.11874 6.48238 4.17693 4.35436 3.76477 5.01127 6.10766 2.69683 5.27791 3.3664 5.15167 0.774231 4.12402 6.22947 8.37636 3.2498 2.33003 2.3353 4.71926 2.82092 3.88853 3.94291 2.98904 0 0.606646 0.902607 0.154041 0 0 0.843974 0 0 0.679843 0.460088 0.788469 0 0 0 0 0 0 0 0 0 0 0.128313 0.76035 0 0 0 0 0 0 0 0 0 0 0 0 0 
0 0 0 0 0 0 0 0 0 0 0 0 0 0 0 0 0 0 0 0 0 0 0 0 0 0 0 0 0 0 0.540981 0.12369 0 0 0 0 1.20619 1.24023 1.2102 2.79235 2.86788 5.59 3.89349 5.00696 3.75439 6.29954 6.05097 3.45497 6.69493 3.97878 7.12068 0.852697 5.73221 6.16607 7.41711 4.79634 1.46141 2.04243 4.57031 2.39873 5.94642 3.25045 3.21977 0 0.754898 0.666232 0 0 0 0.425937 0.394037 0 0.938863 0.843154 0 0.652671 0 0 0 0 0 0 0 0 0 0 0.66666 0 0 0 0 0 0 0 0 0 0 0 0 0 
0 0 0 0 0 0 0 0 0 0 0 0 0 0 0 0 0 0 0 0 0 0 0 0 0 0 0 0 0 0 1.09603 0 1.09247 0 0 0 1.73412 1.47977 1.67953 2.02056 4.37665 6.05541 4.35349 5.58827 3.44583 5.39084 6.22299 2.30537 8.04002 2.9655 6.91904 1.08695 5.03591 5.92287 7.66332 5.34393 1.82832 2.33488 5.67959 2.74142 5.44537 4.02787 3.44444 0 1.22853 0.644459 0 0 0 0 0.752288 0 0.757408 0.42942 0.137786 0.613563 0 0 0 0 0 0 0 0 0 0 0 0 0 0 0 0 0 0 0 0 0 0 0 0 
0 0 0 0 0 0 0 0 0 0 0 0 0 0 0 0 0 0 0 0 0 0 0 0 0 0 0 0 0 0.149841 0.710762 0.0131325 1.53165 0 0 0 1.63776 2.20271 0.576074 1.99872 4.78753 5.24038 4.05198 5.81003 3.08908 5.86589 6.73448 1.37977 6.79631 3.91522 5.45804 2.37053 8.33439 4.46622 7.59392 5.56711 2.83031 0.907193 5.91401 4.87388 4.45397 4.21156 3.93204 0 0.651995 0.794053 0 0 0 0 0.695529 0 0.531413 0 0.976783 1.07967 0 0 0 0 0 0 0 0 0 0 0 0 0 0 0 0 0 0 0 0 0 0 0 0 
0 0 0 0 0 0 0 0 0 0 0 0 0 0 0 0 0 0 0 0 0 0 0 0 0 0 0 0 0 0.771891 0 0 0 0 0 0 1.48079 1.40468 0.88149 1.98046 4.18838 5.20108 5.32018 6.20421 2.16953 4.36809 4.85942 1.32393 8.21605 3.32065 5.80761 1.56008 4.19098 5.17047 7.57391 4.88436 3.98035 0.335255 5.76995 3.73984 4.3823 5.01337 4.12928 0.15499 0.623961 0.851552 0 0 0 0 0.775877 0 0.470775 0.282656 0.817198 0.155295 0.537042 0 0 0 0 0 0 0 0 0 0 0 0 0 0 0 0 0 0 0 0 0 0 0 
0 0 0 0 0 0 0 0 0 0 0 0 0 0 0 0 0 0 0 0 0 0 0 0 0 0 0 0 0 0.884725 0 0 0 0 0 0 1.63802 2.57604 1.25395 2.38431 3.94816 5.83844 6.15371 7.73523 1.96193 6.59137 3.01791 1.43913 7.9624 2.90525 6.47146 1.37378 3.08315 5.50244 6.96096 3.36873 5.69337 0.484091 4.68398 3.68992 7.13112 5.08051 2.95278 0.783705 0.652049 0.489581 0 0 0 0 0.853102 0 0 0.985654 0 0 0.765075 0 0 0 0 0 0 0 0 0 0 0 0 0 0 0 0 0 0 0 0 0 0 0 
0 0 0 0 0 0 0 0 0 0 0 0 0 0 0 0 0 0 0 0 0 0 0 0 0 0 0 0 0.741912 0 0 0 0 0 0 0 1.4625 2.12829 1.46898 2.67986 3.57375 6.00715 7.025 7.62182 0.782041 6.33008 3.35209 2.22919 6.2064 2.92729 5.84499 0.773971 3.1291 6.82497 6.8314 2.92066 5.22383 1.03167 5.57091 4.75464 4.03948 4.50242 2.65992 0.759256 0.776125 0.848689 0 0 0 0 0.832648 0 0 0.613615 0 0 0.833964 0 0 0 0 0 0 0 0 0 0 0 0 0 0 0 0 0 0 0 0 0 0 0 
0 0 0 0 0 0 0 0 0 0 0 0 0 0 0 0 0 0 0 0 0 0 0 0 0 0 0 0 0 0 0 0 0 0 0 0 1.54155 2.95368 2.00909 2.66512 4.23777 5.77474 7.13667 7.00422 0.78767 5.82678 3.19622 2.9156 4.99163 6.22412 5.84483 0.825395 5.10204 7.12473 6.02409 3.31213 5.93588 2.77108 5.44824 4.73887 4.11559 4.46211 2.34175 2.019 0.847837 0.395365 0 0 0 0 0.168494 0.82648 0 0.887872 0 0 0.445218 0.505967 0 0 0 0 0 0 0 0 0 0 0 0 0 0 0 0 0 0 0 0 0 0 
0 0 0 0 0 0 0 0 0 0 0 0 0 0 0 0.479337 0 0 0 0 0 0 0 0 0 0 0 0 0 0 0 0 0 0 0 0 1.47528 2.5854 2.44092 2.20184 4.45011 7.01395 5.46155 6.52893 0.977857 4.96256 3.85058 2.41076 3.56113 4.69457 4.91631 0.958202 4.84702 7.57459 5.31121 3.19669 6.05077 4.89938 4.57801 4.78883 3.74078 4.65934 2.4419 2.15098 1.0023 0 0 0 0 0 0 0.805824 0 0.621518 0 0 0 0.708365 0 0 0 0 0 0 0 0 0 0 0 0 0 0 0 0 0 0 0 0 0 0 
0 0 0 0 0 0 0 0 0 0 0 0 0 0 1.3657 0.236845 0 0 0 0 0 0 0 0 0 0 0 0 0 0 0 0 0 0 0.153441 0.682129 1.64302 2.75923 2.49254 2.43407 3.3156 5.74892 4.61228 6.49092 1.46886 4.62317 5.3873 3.43021 3.66271 5.17945 6.79484 1.14038 3.24289 8.2026 5.51473 3.20628 14.691 5.3405 4.9926 4.33676 2.72235 5.12468 0.873113 3.12367 1.55284 0 0 0.692794 0 0 0 0.762236 0 1.06857 0 0 0 1.01512 0 0 0 0 0 0 0 0 0 0 0 0 0 0 0 0 0 0 0 0 0 0 
0 0 0 0 0 0 0 0 0 0 0 0 0.216754 1.47173 0 0 0 0 0 0 0 0 0 0 0 0 0 0 0 0 0 0 0 0 0.884751 0.830107 1.62831 2.49865 2.55112 2.52611 3.98389 3.47132 3.48794 6.61343 1.7208 3.61279 4.15815 3.52807 2.17139 6.72768 7.41016 2.8487 2.05332 7.49118 5.51487 5.11951 5.41302 8.05512 4.58827 4.81017 2.80445 3.66973 0.929806 3.5145 1.73465 0 0.962236 0.890946 0 0 0 0.705955 0 0 0.894194 0 0 0.886159 0 0 0 0 0 0 0 0 0 0 0 0 0 0 0 0 0 0 0 0 0 0 
0 0 0 0 0 0 0 0 0 0 0 0.296029 1.34553 0 0 0 0 0 0 0 0 0 0 0 0 0 0 0 0 0 0 0 0.345957 0.649587 0.818442 1.76448 0.801907 2.42036 1.78603 2.71377 3.9704 3.53092 3.58458 6.2661 1.80117 4.0914 2.07632 4.52969 2.79635 7.67112 6.00949 2.65954 3.01556 6.40994 6.83663 4.96622 4.80109 6.20231 13.8758 5.79378 2.31299 2.48425 1.5592 3.07598 0.739547 0 0.851419 1.30678 0.463597 0 0 0.584968 0.312627 0 0.907082 0 0 0 0.947458 0 0 0 0 0 0 0 0 0 0 0 0 0 0 0 0 0 0 0 0 0 
0 0 0 0 0 0 0 0 0 0 0 0 0 0 0 0 0 0 0 0 0 0 0 0 0 0 0 0 0 0 0 0.543208 5.11584 4.27409 1.33644 1.92222 0.813063 2.88558 1.53393 3.5136 3.9798 2.99337 2.86876 6.84087 3.77844 4.51884 2.67049 5.2868 2.22437 5.8447 7.37727 2.81016 2.68585 7.34002 6.88552 3.03526 5.37228 8.20337 4.07696 4.79364 2.85152 2.33096 1.86344 3.10989 0.836542 0 1.05785 0.98592 0.749809 0 0 0 1.10142 0 0.834343 0 0 0 1.09662 0 0 0 0 0 0 0 0 0 0 0 0 0 0 0 0 0 0 0 0 0 
0 0 0 0 0 0 0 0 0 0 0 0 0 0 0 0 0 0 0 0 0 0 0 0 0 0 0 0 0 0 0.690947 0.523321 3.2561 0.81741 0.77217 1.24911 1.15407 1.59832 2.22037 2.7059 3.30845 2.32174 2.14492 6.79618 4.09005 5.70404 3.40334 4.73462 1.70688 5.29206 7.06194 2.7759 3.25622 7.80427 6.40557 2.13883 6.40388 7.03511 4.39927 4.69833 3.69779 1.24853 1.75625 3.22009 0.925038 0 0.852382 1.0814 0.745511 0 0 0 0.645275 0 0.858295 0 0 0 0.793115 0 0 0 0 0 0 0 0 0 0 0 0 0 0 0 0 0 0 0 0 0 
0 0 0 0 0 0 0 0 0 0 0 0 0 0 0 0 0 0 0 0 0 0 0 0 0 0 0 0 0 0.859438 0.349962 0 0 0.808887 0.813477 1.18905 0.924896 1.05051 3.25699 2.35648 3.53738 2.01613 1.67065 6.24165 5.41465 4.98081 2.26235 4.61953 2.35373 4.40878 7.95438 2.48645 2.99815 7.35684 7.14591 1.55533 6.41773 5.50143 4.69833 4.14068 3.5985 0.840846 1.08978 2.45952 1.70591 0.664244 1.00157 0.365399 1.50729 0 0 0 1.07847 0 0.95772 0 0 0 0.966493 0 0 0 0 0 0 0 0 0 0 0 0 0 0 0 0 0 0 0 0 0 
0 0 0 0 0 0 0 0 0 0 0 0 0 0 0 0 0 0 0 0 0 0 0 0 0 0 0 0 0.191849 0.210457 0 0 0 1.0692 1.02337 0.904085 0.904967 1.59582 3.56939 2.04693 4.85512 1.83873 2.16124 5.20149 5.24962 5.05857 3.15238 5.95824 2.83493 2.79666 10.4992 4.21145 4.07606 5.55068 6.71633 2.41661 6.33242 6.39461 4.80551 5.09772 4.00555 0.871849 0.691278 2.06131 0.978886 1.18925 1.77686 1.1161 1.98193 0 0 0 0.724994 0.197691 0.407415 0.52823 0 0 0 0.581816 0 0 0 0 0 0 0 0 0 0 0 0 0 0 0 0 0 0 0 0 
0 0 0 0 0 0 0 0 0 0 0 0 0 0 0 0 0 0 0.465732 1.96399 0 0 0 0 0.236903 0.2194 0 0 0 0 0 0 0 1.07696 0.781472 1.0356 0.951305 0.890719 3.88412 2.61749 4.37816 2.13983 2.0262 5.51812 4.16526 4.05425 2.92787 6.00358 3.01095 3.6289 6.29738 4.49983 3.59491 7.23569 7.2354 2.64432 5.71133 6.30706 5.31676 4.92767 5.36727 0 0 2.47057 0.940622 1.43315 0.926667 0 1.94008 0 0 0 0 0.923054 0 1.00434 0 0 0 0 0 0 0 0 0 0 0 0 0 0 0 0 0 0 0 0 0 0 0 0 
0 0 0 0 0 0 0 0 0 0 0 0 0 0 0 0 0 6.31069 2.05031 0 0 0 0 0.230589 1.16331 0 0 0 0 0 0 0 0 0.735717 0.956212 1.16177 0.945627 1.87807 3.35049 3.52953 4.24297 2.78565 3.88915 4.58328 4.32781 3.53253 4.18436 6.53301 3.36183 5.22717 5.20414 6.04027 2.66936 6.46877 7.00211 3.21164 7.16236 4.67497 7.98821 4.69855 5.17097 0 0.891763 1.83149 0.904471 1.95653 0.924435 0 0.779455 0 0 0 0 0.97399 0 1.01752 0 0 0 0 0 0 0 0 0 0 0 0 0 0 0 0 0 0 0 0 0 0 0 0 
0 0 0 0 0 0 0 0 0 0 0 0 0 0 0 0 0 0 0 0 0 0 0 0 0 0 0 0 0 0 0 0 0 0 0.902391 1.043 1.04307 2.39331 4.15781 3.86004 4.3426 2.70886 5.5524 6.01469 3.70321 3.04482 3.52388 8.1767 3.10574 5.19275 5.53162 9.03477 3.4181 5.41869 6.5159 2.76566 8.9396 4.29596 4.21121 5.64416 6.13542 0 0.780892 1.29947 1.18931 1.71849 0.129282 0 0 0 0 0 0.251006 2.07232 0 0.975376 0 0 0 0 0 0 0 0 0 0 0.210957 0 0 0 0 0 0 0 0 0 0 0 0 0 
0 0 0 0 0 0 0 0 0 0 0 0 0 0 0 0 0 0 0 0 0 0 0 0 0 0 0 0 0 0 0 0 0 0 1.51462 1.15591 0.983033 3.70762 5.73917 5.0044 3.80326 4.2845 4.60083 5.67895 5.11987 1.86521 1.31344 8.39688 3.04053 5.01069 6.42601 9.75454 4.27122 5.6207 5.96827 2.36525 8.57634 4.21401 3.59406 5.93303 4.40408 0.780953 0.997207 0 1.80545 1.83425 0 0 0 0 0 0 0 1.82659 0 1.21681 0 0 0 0 0 0 0 0 0 0 1.35601 0 0 0 0 0 0 0 0 0 0 0 0 0 
0 0 0 0 0 0 0 0 0 0 0 0 0 0 0 0 0 0 0 0 0 0 0 0 0 0 0 0 0 0 0 0 0 0.734871 2.27808 0.185059 1.79826 2.63418 5.84384 4.87109 4.11672 4.93937 3.93501 5.12616 7.10664 3.393 0 8.30452 9.20831 6.14407 7.44529 10.239 4.87718 4.34147 6.82475 3.46441 8.59384 6.117 3.07914 7.23728 4.13597 2.01294 1.49013 0 1.47651 1.73071 0 0 0 0 0 0 0 1.66957 1.12989 0.427602 0.620958 0 0 0 0.269171 0 0 0 0 0 1.23789 0 0 0 0 0 0 0 0 0 0 0 0 0 
0 0 0 0 0 0 0 0 0 0 0 0 0 0 0 0 0 0 0 0 0 0 0 0 0 0 0 0 0 0 0 0 0 1.94852 1.2934 0 1.72293 2.29509 5.41034 4.76406 2.63807 5.32005 4.98473 4.40155 5.70304 4.43099 0 9.29966 6.2754 6.77215 10.105 9.61236 6.63667 3.61245 7.49466 3.18149 7.88162 5.80616 2.77829 7.98291 3.45796 2.55408 2.88844 0.0117599 0 1.867 0 0 0 0 0 0 0 0 1.70238 0 1.21766 0 0 0 1.30163 0 0 0 0 0 0 1.23553 0 0 0 0 0 0 0 0 0 0 0 0 
0 0 0 0 0 0 0 0 0 0 0 0 0 0 0 0 0 0 0 0 0 0 0 0 0 0 0 0 0 0 0 0 0.644903 2.10596 1.20178 0 1.37401 2.90948 5.12359 6.47183 2.54402 9.48672 3.97507 5.26046 5.72075 5.2435 0 8.4184 7.69802 6.32402 10.7557 10.7088 9.935 5.14525 5.87474 3.81018 4.90264 4.51012 3.50062 9.11037 3.71604 3.24845 3.18708 0 0 1.76794 0 0 0 0 0 0 0 0 1.13293 0 0.995016 0 0 0 0.692855 0.482981 0 0 0 0 0 0.460839 0 0 0 0 0 0 0 0 0 0 0 0 
0 0 0 0 0 0 0 0 0 0 0 0 0 0 0 0 0 0 0 0 0 0 0 0 0 0 0 0 0 0 0 0 1.07868 0.907955 0.859232 0.930548 1.96542 4.3615 5.18031 7.21116 1.61935 11.5677 4.14305 5.95199 5.77744 4.6686 0.37899 7.92855 6.5927 9.05427 11.138 10.101 12.6582 3.64447 7.12545 3.89117 6.16676 3.5232 2.95059 9.87868 2.71498 4.78731 2.87184 0.542773 0 0.916071 0 0 0 0 0 0 0 0 0.930661 0 1.13757 0 0 0 0 1.34675 0 0 0 0 0 0 0 0 0 0 0 0 0 0 0 0 0 0 
0 0 0 0 0 0 0 0 0 0 0 0 0 0 0 0 0 0 0 0 0 0 0 0 0 0 0 0 0 0 0 0 0.473093 1.38065 0.760136 1.84582 2.62865 3.66015 6.77871 4.52593 1.06949 6.17396 3.08131 4.95702 6.76195 5.86693 0 6.66126 8.51096 9.55675 9.64051 10.7677 12.1281 3.8606 8.20819 4.43356 6.54279 4.38269 2.84971 10.9842 2.50988 4.06793 0.841648 0 0 0.794714 0 0 0 0 0 0 0 0 1.29257 0.801191 1.38131 0 0 0 0 1.39021 0 0 0 0 0 0 0 0 0 0 0 0 0 0 0 0 0 0 
0 0 0 0 0 0 0 0 0 0 0 0 0 0 0 0 0 0 0 0 0 0 0 0 0 0 0 0 0 0 0 0 0 1.24992 1.09631 1.35691 4.57587 2.98636 6.0079 3.55882 1.1342 7.82419 2.3811 5.54085 8.03466 6.51499 0.451436 5.66882 6.33752 10.9462 10.2448 13.1055 8.92527 5.55207 7.08077 4.84676 6.31199 6.53345 3.94419 9.43607 3.31233 5.29195 1.34562 0 0 1.27426 0 0 0 0 0 0 0 0 1.73443 1.35259 0.28785 0.898208 0 0 0 1.54619 0 0 0 0 0 0 0 0 0 0 0 0 0 0 0 0 0 0 
0 0 0 0 0 0 0 0 0 0 0 0 0 0 0 0 0 0 0 0 0 0 0 0 0 0 0 0 0 0 0 0.826239 0 1.39826 3.4959 0 5.75722 2.92947 5.03401 4.80198 1.18902 7.07287 3.31854 6.22075 6.98009 5.85371 3.6539 4.24561 8.39281 13.0015 10.4762 14.4373 9.5469 4.75087 8.66 6.42017 6.23904 7.47377 4.26255 9.67203 3.09289 3.38293 0.120388 0 0 1.9869 0 0 0 0 0 0 0 0 0.701992 2.7198 0 5.96143 1.62112 0 0 0.276795 1.70192 0 0 0 0 0 0 0 0 0 0 0 0 0 0 0 0 0 
0 0 0 0 0 0 0 0 0 0 0 0 0 0 0 0 0 0 0 0 0 0 0 0 0 0 0 0 0 0 0.285652 1.2346 0 4.79233 4.76747 1.71827 5.7881 2.0338 3.6644 9.20554 1.34377 6.11024 7.41036 6.09908 5.49056 7.76374 3.42924 2.47337 10.0089 11.959 10.7163 14.5993 10.3418 2.20761 11.5431 10.0661 3.80879 8.85315 2.83923 9.13504 2.8547 4.35539 1.10162 0 0 2.54594 1.09819 0 0 0 0 0 0 0 0 3.22914 0 0 0 0 0 0 1.41776 0 0 0 0 0 0 0 0 0 0 0 0 0 0 0 0 0 
0 0 0 0 0 0 0 0 0 0 0 0 0 0 0 0 0 0 0 0 0 0 0 0 0 0 0 0 0 0 0.330382 0 0 4.20206 2.81238 2.98604 5.04718 1.27102 5.082 5.82647 1.10073 8.25474 8.15047 4.09997 3.7786 10.3862 4.18358 2.82155 11.7003 12.2102 11.4592 11.7746 10.2957 3.27731 11.2 13.1001 5.35424 9.46506 2.80982 11.2933 4.90751 1.35343 3.8514 0 0 1.66574 1.77822 0 0 0 0 0 0 0 0 1.41505 1.11156 0 0 0 0 0 2.05649 0 0 0 0 0 0 0 0 0 0 0 0 0 0 0 0 0 
0 0 0 0 0 0 0 0 0 0 0 0 0 0 0 0 0 0 0 0 0 0 0 0 0 0 0 0 0 0 0 0 0 3.8978 3.72152 3.51981 5.532 1.49448 6.64625 5.73545 1.76903 15.5639 7.78777 5.69358 4.33413 6.92845 6.34073 3.16242 9.53251 17.3209 7.91015 13.2125 10.4272 3.79403 11.7501 14.8758 5.58234 13.3313 3.00868 16.1155 4.3792 0 5.91483 0 0 0.91833 3.71026 0 0 0 0 0 0 0 0 0 0.39973 0 0 0 0 0 2.37683 0.497114 0 0 0 0 0 0 0 0 0 0 0 0 0 0 0 0 
0 0 0 0 0 0 0 0 0 0 0 0 0 0 0 0 0 0 0 0 0 0 0 0 0 0 0 0 0 0 0 0 3.14245 1.39698 1.97282 3.8895 5.516 2.8427 6.85859 5.52176 1.83269 17.6318 8.73055 8.04409 4.19669 5.91506 6.53739 6.64026 8.61481 23.8491 2.06981 15.0614 12.2431 4.85558 7.79158 19.1542 5.98919 10.5458 6.9283 4.85948 7.57436 0 6.85019 1.11593 0 1.60441 3.43766 0 0 0 0 0 0 0 0 0 0 0 0 0 0 0 0 3.47954 0 0 0 0 0 0 0 0 0 0 0 0 0 0 0 0 
0 0 0 0 0 0 0 0 0 0 0 0 0 0 0 0 0 0 0 0 0 0 0 0 0 0 0 0 0 0 0 0.98592 2.94213 1.90788 1.71611 4.67884 7.56219 4.84736 13.9647 2.2948 1.56584 17.5114 10.2889 11.3475 4.33354 7.86175 12.0438 6.46233 8.51786 33.9091 5.61012 21.9468 5.73996 7.77245 7.87232 19.1638 8.80493 13.3947 7.00373 5.42304 6.51802 1.05919 8.93439 3.41135 0 1.75726 1.55545 0 0 0 0 0 0 0 0 0 0 0 0 0 0 0 0 4.42005 0 0 0 0 0 0 0 0 0 0 0 0 0 0 0 0 
0 0 0 0 0 0 0 0 0 0 0 0 0 0 0 0 0 0 0 0 0 0 0 0 0 0 0 0 0 0 0 3.22889 0 2.57233 0.974409 7.25007 12.1462 5.83606 6.97069 4.71792 6.97756 14.832 11.8116 13.9289 5.83694 10.3795 12.7511 3.68929 17.1676 23.4404 6.87819 28.9292 6.08522 11.5928 5.91903 20.0742 14.3027 11.2211 8.40322 5.58446 9.69509 2.26968 6.63379 4.55426 0 2.11017 0.451795 0 0 0 0 0 0 0 0 0 0 0 0 0 0 0 0 0 0 0 0 0 0 0 0 0 0 0 0 0 0 0 0 0 
0 0 0 0 0 0 0 0 0 0 0 0 0 0 0 0 0 0 0 0 0 0 0 0 0 0 0 0 0 0 0 0 0 0.613188 0 2.20019 8.74168 5.77927 6.64755 11.2234 7.50575 10.1512 7.3496 19.7839 5.10106 6.18683 10.2064 5.78103 8.93366 15.0625 1.52228 19.2636 13.5026 7.95269 16.1797 12.6359 9.33654 17.4786 10.6242 1.23713 11.2752 4.97731 10.8736 0 0 2.3328 0 0 0 0 0 0 0 0 0 0 0 0 0 0 0 0 0 0 0 0 0 0 0 0 0 0 0 0 0 0 0 0 0 0 
0 0 0 0 0 0 0 0 0 0 0 0 0 0 0 0 0 0 0 0 0 0 0 1.67389 0 0 0 0 0 0 0 0 0 0 0 2.0974 6.68648 6.64318 8.6025 10.0089 11.4147 7.7333 8.99175 11.8096 10.3923 2.21206 7.08257 0 11.8478 0 0 6.48383 6.59803 4.59232 21.1709 12.2514 12.9162 7.0838 12.8275 0 7.68038 6.11464 9.77984 2.30481 0 2.32231 0 0 0 0 0 0 0 0 0 0 0 0 0 0 0 0 0 0 0 0 0 0 0 0 0 0 0 0 0 0 0 0 0 0 
0 0 0 0 0 0 0 0 0 0 0 0 0 0 0 0 0 0 0 0 0 0 1.0176 1.36876 0 0 0 0 0 0 0 0 0 0 0 3.41008 3.24315 5.39424 12.2269 11.9296 4.52558 17.0794 2.29121 3.434 6.25359 0 2.54858 0 5.20704 0 0 8.32003 5.05229 0 8.39231 7.70547 9.66396 9.39998 14.5709 0 7.60458 3.36162 0 9.07254 0 6.05511 0 0 0 0 0 0 0 0 0 0 0 0 0 0 0 0 0 0 0 0 0 0 0 0 0 0 0 0 0 0 0 0 0 0 
0 0 0 0 0 0 0 0 0 0 0 0 0 0 0 0 0 0 0 0 0 0 3.23256 0 0 0 0 0 0 0 0 0 0 2.02271 0.549349 4.28129 5.14655 8.267 5.58443 0.0507195 3.09903 5.67531 0 0 5.48408 0 0 0 0 0 0 0 7.4233 0 3.16467 3.16921 8.25541 5.00496 7.83475 0 6.00583 4.507 0 0 0 0 0 0 0 0 0 0 0 0 0 0 0 0 0 0 0 0 0 0 0 0 0 0 0 0 0 0 0 0 0 0 0 0 0 0 
0 0 0 0 0 0 0 0 0 0 0 0 0 0 0 0 0 0 0 0 0 0 5.00529 0 0 0 0 0 0 0 0 0 0 0 4.99678 0 0 4.70789 2.15404 0 1.76212 2.00139 0 0 0 0 0 0 0 0 0 0 2.77182 0 0 0 9.31487 10.9552 0 0 0 0 0 0 0 0 0 0 0 0 0 0 0 0 0 0 0 0 0 0 0 0 0 0 0 0 0 0 0 0 0 0 0 0 0 0 0 0 0 0 
0 0 0 0 0 0 0 0 0 0 0 0 0 0 0 0 0 0 0 0 0 0 0 0 0 0 0 0 0 0 0 0 0 0 2.29134 0 0 0 0 0 0 0 0 0 0 0 0 0 0 0 0 0 0 0 0 0 4.51973 0 0 0 0 0 0 0 0 0 0 0 0 0 0 0 0 0 0 0 0 0 0 0 0 0 0 0 0 0 0 0 0 0 0 0 0 0 0 0 0 0 0 0 
0 0 0 0 0 0 0 0 0 0 0 0 0 0 0 0 0 0 0 0 0 0 0 0 0 0 0 0 0 0 0 0 0 0 0 0 0 0 0 0 0 0 0 0 0 0 0 0 0 0 0 0 0 0 0 0 0 0 0 0 0 0 0 0 0 0 0 0 0 0 0 0 0 0 0 0 0 0 0 0 0 0 0 0 0 0 0 0 0 0 0 0 0 0 0 0 0 0 0 0 
0 0 0 0 0 0 0 0 0 0 0 0 0 0 0 0 0 0 0 0 0 0 0 0 0 0 0 0 0 0 0 0 0 0 0 0 0 0 0 0 0 0 0 0 0 0 0 0 0 0 0 0 0 0 0 0 0 0 0 0 0 0 0 0 0 0 0 0 0 0 0 0 0 0 0 0 0 0 0 0 0 0 0 0 0 0 0 0 0 0 0 0 0 0 0 0 0 0 0 0 
0 0 0 0 0 0 0 0 0 0 0 0 0 0 0 0 0 0 0 0 0 0 0 0 0 0 0 0 0 0 0 0 0 0 0 0 0 0 0 0 0 0 0 0 0 0 0 0 0 0 0 0 0 0 0 0 0 0 0 0 0 0 0 0 0 0 0 0 0 0 0 0 0 0 0 0 0 0 0 0 0 0 0 0 0 0 0 0 0 0 0 0 0 0 0 0 0 0 0 0 
0 0 0 0 0 0 0 0 0 0 0 0 0 0 0 0 0 0 0 0 0 0 0 0 0 0 0 0 0 0 0 0 0 0 0 0 0 0 0 0 0 0 0 0 0 0 0 0 0 0 0 0 0 0 0 0 0 0 0 0 0 0 0 0 0 0 0 0 0 0 0 0 0 0 0 0 0 0 0 0 0 0 0 0 0 0 0 0 0 0 0 0 0 0 0 0 0 0 0 0 
0 0 0 0 0 0 0 0 0 0 0 0 0 0 0 0 0 0 0 0 0 0 0 0 0 0 0 0 0 0 0 0 0 0 0 0 0 0 0 0 0 0 0 0 0 0 0 0 0 0 0 0 0 0 0 0 0 0 0 0 0 0 0 0 0 0 0 0 0 0 0 0 0 0 0 0 0 0 0 0 0 0 0 0 0 0 0 0 0 0 0 0 0 0 0 0 0 0 0 0 
0 0 0 0 0 0 0 0 0 0 0 0 0 0 0 0 0 0 0 0 0 0 0 0 0 0 0 0 0 0 0 0 0 0 0 0 0 0 0 0 0 0 0 0 0 0 0 0 0 0 0 0 0 0 0 0 0 0 0 0 0 0 0 0 0 0 0 0 0 0 0 0 0 0 0 0 0 0 0 0 0 0 0 0 0 0 0 0 0 0 0 0 0 0 0 0 0 0 0 0 
0 0 0 0 0 0 0 0 0 0 0 0 0 0 0 0 0 0 0 0 0 0 0 0 0 0 0 0 0 0 0 0 0 0 0 0 0 0 0 0 0 0 0 0 0 0 0 0 0 0 0 0 0 0 0 0 0 0 0 0 0 0 0 0 0 0 0 0 0 0 0 0 0 0 0 0 0 0 0 0 0 0 0 0 0 0 0 0 0 0 0 0 0 0 0 0 0 0 0 0 
0 0 0 0 0 0 0 0 0 0 0 0 0 0 0 0 0 0 0 0 0 0 0 0 0 0 0 0 0 0 0 0 0 0 0 0 0 0 0 0 0 0 0 0 0 0 0 0 0 0 0 0 0 0 0 0 0 0 0 0 0 0 0 0 0 0 0 0 0 0 0 0 0 0 0 0 0 0 0 0 0 0 0 0 0 0 0 0 0 0 0 0 0 0 0 0 0 0 0 0 
0 0 0 0 0 0 0 0 0 0 0 0 0 0 0 0 0 0 0 0 0 0 0 0 0 0 0 0 0 0 0 0 0 0 0 0 0 0 0 0 0 0 0 0 0 0 0 0 0 0 0 0 0 0 0 0 0 0 0 0 0 0 0 0 0 0 0 0 0 0 0 0 0 0 0 0 0 0 0 0 0 0 0 0 0 0 0 0 0 0 0 0 0 0 0 0 0 0 0 0 
0 0 0 0 0 0 0 0 0 0 0 0 0 0 0 0 0 0 0 0 0 0 0 0 0 0 0 0 0 0 0 0 0 0 0 0 0 0 0 0 0 0 0 0 0 0 0 0 0 0 0 0 0 0 0 0 0 0 0 0 0 0 0 0 0 0 0 0 0 0 0 0 0 0 0 0 0 0 0 0 0 0 0 0 0 0 0 0 0 0 0 0 0 0 0 0 0 0 0 0 
0 0 0 0 0 0 0 0 0 0 0 0 0 0 0 0 0 0 0 0 0 0 0 0 0 0 0 0 0 0 0 0 0 0 0 0 0 0 0 0 0 0 0 0 0 0 0 0 0 0 0 0 0 0 0 0 0 0 0 0 0 0 0 0 0 0 0 0 0 0 0 0 0 0 0 0 0 0 0 0 0 0 0 0 0 0 0 0 0 0 0 0 0 0 0 0 0 0 0 0 
0 0 0 0 0 0 0 0 0 0 0 0 0 0 0 0 0 0 0 0 0 0 0 0 0 0 0 0 0 0 0 0 0 0 0 0 0 0 0 0 0 0 0 0 0 0 0 0 0 0 0 0 0 0 0 0 0 0 0 0 0 0 0 0 0 0 0 0 0 0 0 0 0 0 0 0 0 0 0 0 0 0 0 0 0 0 0 0 0 0 0 0 0 0 0 0 0 0 0 0 
0 0 0 0 0 0 0 0 0 0 0 0 0 0 0 0 0 0 0 0 0 0 0 0 0 0 0 0 0 0 0 0 0 0 0 0 0 0 0 0 0 0 0 0 0 0 0 0 0 0 0 0 0 0 0 0 0 0 0 0 0 0 0 0 0 0 0 0 0 0 0 0 0 0 0 0 0 0 0 0 0 0 0 0 0 0 0 0 0 0 0 0 0 0 0 0 0 0 0 0 
0 0 0 0 0 0 0 0 0 0 0 0 0 0 0 0 0 0 0 0 0 0 0 0 0 0 0 0 0 0 0 0 0 0 0 0 0 0 0 0 0 0 0 0 0 0 0 0 0 0 0 0 0 0 0 0 0 0 0 0 0 0 0 0 0 0 0 0 0 0 0 0 0 0 0 0 0 0 0 0 0 0 0 0 0 0 0 0 0 0 0 0 0 0 0 0 0 0 0 0 
0 0 0 0 0 0 0 0 0 0 0 0 0 0 0 0 0 0 0 0 0 0 0 0 0 0 0 0 0 0 0 0 0 0 0 0 0 0 0 0 0 0 0 0 0 0 0 0 0 0 0 0 0 0 0 0 0 0 0 0 0 0 0 0 0 0 0 0 0 0 0 0 0 0 0 0 0 0 0 0 0 0 0 0 0 0 0 0 0 0 0 0 0 0 0 0 0 0 0 0 
0 0 0 0 0 0 0 0 0 0 0 0 0 0 0 0 0 0 0 0 0 0 0 0 0 0 0 0 0 0 0 0 0 0 0 0 0 0 0 0 0 0 0 0 0 0 0 0 0 0 0 0 0 0 0 0 0 0 0 0 0 0 0 0 0 0 0 0 0 0 0 0 0 0 0 0 0 0 0 0 0 0 0 0 0 0 0 0 0 0 0 0 0 0 0 0 0 0 0 0 
0 0 0 0 0 0 0 0 0 0 0 0 0 0 0 0 0 0 0 0 0 0 0 0 0 0 0 0 0 0 0 0 0 0 0 0 0 0 0 0 0 0 0 0 0 0 0 0 0 0 0 0 0 0 0 0 0 0 0 0 0 0 0 0 0 0 0 0 0 0 0 0 0 0 0 0 0 0 0 0 0 0 0 0 0 0 0 0 0 0 0 0 0 0 0 0 0 0 0 0 
0 0 0 0 0 0 0 0 0 0 0 0 0 0 0 0 0 0 0 0 0 0 0 0 0 0 0 0 0 0 0 0 0 0 0 0 0 0 0 0 0 0 0 0 0 0 0 0 0 0 0 0 0 0 0 0 0 0 0 0 0 0 0 0 0 0 0 0 0 0 0 0 0 0 0 0 0 0 0 0 0 0 0 0 0 0 0 0 0 0 0 0 0 0 0 0 0 0 0 0 
0 0 0 0 0 0 0 0 0 0 0 0 0 0 0 0 0 0 0 0 0 0 0 0 0 0 0 0 0 0 0 0 0 0 0 0 0 0 0 0 0 0 0 0 0 0 0 0 0 0 0 0 0 0 0 0 0 0 0 0 0 0 0 0 0 0 0 0 0 0 0 0 0 0 0 0 0 0 0 0 0 0 0 0 0 0 0 0 0 0 0 0 0 0 0 0 0 0 0 0 
0 0 0 0 0 0 0 0 0 0 0 0 0 0 0 0 0 0 0 0 0 0 0 0 0 0 0 0 0 0 0 0 0 0 0 0 0 0 0 0 0 0 0 0 0 0 0 0 0 0 0 0 0 0 0 0 0 0 0 0 0 0 0 0 0 0 0 0 0 0 0 0 0 0 0 0 0 0 0 0 0 0 0 0 0 0 0 0 0 0 0 0 0 0 0 0 0 0 0 0 
0 0 0 0 0 0 0 0 0 0 0 0 0 0 0 0 0 0 0 0 0 0 0 0 0 0 0 0 0 0 0 0 0 0 0 0 0 0 0 0 0 0 0 0 0 0 0 0 0 0 0 0 0 0 0 0 0 0 0 0 0 0 0 0 0 0 0 0 0 0 0 0 0 0 0 0 0 0 0 0 0 0 0 0 0 0 0 0 0 0 0 0 0 0 0 0 0 0 0 0 
0 0 0 0 0 0 0 0 0 0 0 0 0 0 0 0 0 0 0 0 0 0 0 0 0 0 0 0 0 0 0 0 0 0 0 0 0 0 0 0 0 0 0 0 0 0 0 0 0 0 0 0 0 0 0 0 0 0 0 0 0 0 0 0 0 0 0 0 0 0 0 0 0 0 0 0 0 0 0 0 0 0 0 0 0 0 0 0 0 0 0 0 0 0 0 0 0 0 0 0 
0 0 0 0 0 0 0 0 0 0 0 0 0 0 0 0 0 0 0 0 0 0 0 0 0 0 0 0 0 0 0 0 0 0 0 0 0 0 0 0 0 0 0 0 0 0 0 0 0 0 0 0 0 0 0 0 0 0 0 0 0 0 0 0 0 0 0 0 0 0 0 0 0 0 0 0 0 0 0 0 0 0 0 0 0 0 0 0 0 0 0 0 0 0 0 0 0 0 0 0 
0 0 0 0 0 0 0 0 0 0 0 0 0 0 0 0 0 0 0 0 0 0 0 0 0 0 0 0 0 0 0 0 0 0 0 0 0 0 0 0 0 0 0 0 0 0 0 0 0 0 0 0 0 0 0 0 0 0 0 0 0 0 0 0 0 0 0 0 0 0 0 0 0 0 0 0 0 0 0 0 0 0 0 0 0 0 0 0 0 0 0 0 0 0 0 0 0 0 0 0 
0 0 0 0 0 0 0 0 0 0 0 0 0 0 0 0 0 0 0 0 0 0 0 0 0 0 0 0 0 0 0 0 0 0 0 0 0 0 0 0 0 0 0 0 0 0 0 0 0 0 0 0 0 0 0 0 0 0 0 0 0 0 0 0 0 0 0 0 0 0 0 0 0 0 0 0 0 0 0 0 0 0 0 0 0 0 0 0 0 0 0 0 0 0 0 0 0 0 0 0 
0 0 0 0 0 0 0 0 0 0 0 0 0 0 0 0 0 0 0 0 0 0 0 0 0 0 0 0 0 0 0 0 0 0 0 0 0 0 0 0 0 0 0 0 0 0 0 0 0 0 0 0 0 0 0 0 0 0 0 0 0 0 0 0 0 0 0 0 0 0 0 0 0 0 0 0 0 0 0 0 0 0 0 0 0 0 0 0 0 0 0 0 0 0 0 0 0 0 0 0 
0 0 0 0 0 0 0 0 0 0 0 0 0 0 0 0 0 0 0 0 0 0 0 0 0 0 0 0 0 0 0 0 0 0 0 0 0 0 0 0 0 0 0 0 0 0 0 0 0 0 0 0 0 0 0 0 0 0 0 0 0 0 0 0 0 0 0 0 0 0 0 0 0 0 0 0 0 0 0 0 0 0 0 0 0 0 0 0 0 0 0 0 0 0 0 0 0 0 0 0 
0 0 0 0 0 0 0 0 0 0 0 0 0 0 0 0 0 0 0 0 0 0 0 0 0 0 0 0 0 0 0 0 0 0 0 0 0 0 0 0 0 0 0 0 0 0 0 0 0 0 0 0 0 0 0 0 0 0 0 0 0 0 0 0 0 0 0 0 0 0 0 0 0 0 0 0 0 0 0 0 0 0 0 0 0 0 0 0 0 0 0 0 0 0 0 0 0 0 0 0 
0 0 0 0 0 0 0 0 0 0 0 0 0 0 0 0 0 0 0 0 0 0 0 0 0 0 0 0 0 0 0 0 0 0 0 0 0 0 0 0 0 0 0 0 0 0 0 0 0 0 0 0 0 0 0 0 0 0 0 0 0 0 0 0 0 0 0 0 0 0 0 0 0 0 0 0 0 0 0 0 0 0 0 0 0 0 0 0 0 0 0 0 0 0 0 0 0 0 0 0 
0 0 0 0 0 0 0 0 0 0 0 0 0 0 0 0 0 0 0 0 0 0 0 0 0 0 0 0 0 0 0 0 0 0 0 0 0 0 0 0 0 0 0 0 0 0 0 0 0 0 0 0 0 0 0 0 0 0 0 0 0 0 0 0 0 0 0 0 0 0 0 0 0 0 0 0 0 0 0 0 0 0 0 0 0 0 0 0 0 0 0 0 0 0 0 0 0 0 0 0 
0 0 0 0 0 0 0 0 0 0 0 0 0 0 0 0 0 0 0 0 0 0 0 0 0 0 0 0 0 0 0 0 0 0 0 0 0 0 0 0 0 0 0 0 0 0 0 0 0 0 0 0 0 0 0 0 0 0 0 0 0 0 0 0 0 0 0 0 0 0 0 0 0 0 0 0 0 0 0 0 0 0 0 0 0 0 0 0 0 0 0 0 0 0 0 0 0 0 0 0 
0 0 0 0 0 0 0 0 0 0 0 0 0 0 0 0 0 0 0 0 0 0 0 0 0 0 0 0 0 0 0 0 0 0 0 0 0 0 0 0 0 0 0 0 0 0 0 0 0 0 0 0 0 0 0 0 0 0 0 0 0 0 0 0 0 0 0 0 0 0 0 0 0 0 0 0 0 0 0 0 0 0 0 0 0 0 0 0 0 0 0 0 0 0 0 0 0 0 0 0 
0 0 0 0 0 0 0 0 0 0 0 0 0 0 0 0 0 0 0 0 0 0 0 0 0 0 0 0 0 0 0 0 0 0 0 0 0 0 0 0 0 0 0 0 0 0 0 0 0 0 0 0 0 0 0 0 0 0 0 0 0 0 0 0 0 0 0 0 0 0 0 0 0 0 0 0 0 0 0 0 0 0 0 0 0 0 0 0 0 0 0 0 0 0 0 0 0 0 0 0 
0 0 0 0 0 0 0 0 0 0 0 0 0 0 0 0 0 0 0 0 0 0 0 0 0 0 0 0 0 0 0 0 0 0 0 0 0 0 0 0 0 0 0 0 0 0 0 0 0 0 0 0 0 0 0 0 0 0 0 0 0 0 0 0 0 0 0 0 0 0 0 0 0 0 0 0 0 0 0 0 0 0 0 0 0 0 0 0 0 0 0 0 0 0 0 0 0 0 0 0 
0 0 0 0 0 0 0 0 0 0 0 0 0 0 0 0 0 0 0 0 0 0 0 0 0 0 0 0 0 0 0 0 0 0 0 0 0 0 0 0 0 0 0 0 0 0 0 0 0 0 0 0 0 0 0 0 0 0 0 0 0 0 0 0 0 0 0 0 0 0 0 0 0 0 0 0 0 0 0 0 0 0 0 0 0 0 0 0 0 0 0 0 0 0 0 0 0 0 0 0 
0 0 0 0 0 0 0 0 0 0 0 0 0 0 0 0 0 0 0 0 0 0 0 0 0 0 0 0 0 0 0 0 0 0 0 0 0 0 0 0 0 0 0 0 0 0 0 0 0 0 0 0 0 0 0 0 0 0 0 0 0 0 0 0 0 0 0 0 0 0 0 0 0 0 0 0 0 0 0 0 0 0 0 0 0 0 0 0 0 0 0 0 0 0 0 0 0 0 0 0 
0 0 0 0 0 0 0 0 0 0 0 0 0 0 0 0 0 0 0 0 0 0 0 0 0 0 0 0 0 0 0 0 0 0 0 0 0 0 0 0 0 0 0 0 0 0 0 0 0 0 0 0 0 0 0 0 0 0 0 0 0 0 0 0 0 0 0 0 0 0 0 0 0 0 0 0 0 0 0 0 0 0 0 0 0 0 0 0 0 0 0 0 0 0 0 0 0 0 0 0 
0 0 0 0 0 0 0 0 0 0 0 0 0 0 0 0 0 0 0 0 0 0 0 0 0 0 0 0 0 0 0 0 0 0 0 0 0 0 0 0 0 0 0 0 0 0 0 0 0 0 0 0 0 0 0 0 0 0 0 0 0 0 0 0 0 0 0 0 0 0 0 0 0 0 0 0 0 0 0 0 0 0 0 0 0 0 0 0 0 0 0 0 0 0 0 0 0 0 0 0 
0 0 0 0 0 0 0 0 0 0 0 0 0 0 0 0 0 0 0 0 0 0 0 0 0 0 0 0 0 0 0 0 0 0 0 0 0 0 0 0 0 0 0 0 0 0 0 0 0 0 0 0 0 0 0 0 0 0 0 0 0 0 0 0 0 0 0 0 0 0 0 0 0 0 0 0 0 0 0 0 0 0 0 0 0 0 0 0 0 0 0 0 0 0 0 0 0 0 0 0 
0 0 0 0 0 0 0 0 0 0 0 0 0 0 0 0 0 0 0 0 0 0 0 0 0 0 0 0 0 0 0 0 0 0 0 0 0 0 0 0 0 0 0 0 0 0 0 0 0 0 0 0 0 0 0 0 0 0 0 0 0 0 0 0 0 0 0 0 0 0 0 0 0 0 0 0 0 0 0 0 0 0 0 0 0 0 0 0 0 0 0 0 0 0 0 0 0 0 0 0 
0 0 0 0 0 0 0 0 0 0 0 0 0 0 0 0 0 0 0 0 0 0 0 0 0 0 0 0 0 0 0 0 0 0 0 0 0 0 0 0 0 0 0 0 0 0 0 0 0 0 0 0 0 0 0 0 0 0 0 0 0 0 0 0 0 0 0 0 0 0 0 0 0 0 0 0 0 0 0 0 0 0 0 0 0 0 0 0 0 0 0 0 0 0 0 0 0 0 0 0 
0 0 0 0 0 0 0 0 0 0 0 0 0 0 0 0 0 0 0 0 0 0 0 0 0 0 0 0 0 0 0 0 0 0 0 0 0 0 0 0 0 0 0 0 0 0 0 0 0 0 0 0 0 0 0 0 0 0 0 0 0 0 0 0 0 0 0 0 0 0 0 0 0 0 0 0 0 0 0 0 0 0 0 0 0 0 0 0 0 0 0 0 0 0 0 0 0 0 0 0 
