####################################
# Matrix Size= (40,50,0.275)
# Resol      = (100,100,1)
# VoxelSize  = (0.4,0.5,0.275)
# nbVal      = 10000
####################################
0 0 0 0.463943 0 0.501356 0.401206 0.130312 0.72548 0.602747 0 0.468939 0.706905 1.97852 0 0.225923 0.676989 0.911964 0 0.621533 1.45474 1.4503 2.29999 3.06973 0.536901 2.91463 1.97015 2.99497 1.93829 3.30762 4.28479 1.4443 3.20686 18.3618 23.1936 49.4735 85.2563 162.319 221.523 299.457 315.123 328.501 344.072 316.865 331.213 330.035 350.131 360.359 354.606 373.772 364.512 340.779 362.382 350.894 330.03 348.227 383.524 392.262 344.763 299.774 306.264 242.014 171.715 88.8925 35.2087 20.8233 17.29 5.76384 3.57563 1.8256 4.34751 3.58318 4.10579 1.19315 1.65644 3.15132 2.16398 0.701742 2.21986 1.48271 0.803322 3.86563 1.72156 0.922519 2.55837 0.214582 0.906808 1.18194 0.576407 0.418264 0.0834654 0.259101 0 0 0 0.613504 0 0 0 0
0 0 0.592896 0 0.102718 0.557079 0.330105 0.678658 0.469134 0.566514 0.854941 0.892987 4.89173 0.472019 0.389059 0.0849917 0.41262 1.04968 0 0.833688 1.33729 1.03912 5.25922 1.02487 1.89905 2.63569 0.73304 2.29159 4.1472 4.4489 4.08743 3.30237 6.08084 11.9723 19.1475 51.8212 87.2986 166.621 224.268 313.099 310.325 334.687 354.415 339.865 329.816 328.985 354.853 365.336 362.194 393.921 358.125 341.337 367.91 370.143 327.859 361.767 379.274 386.034 348.963 306.029 301.715 246.414 164.549 90.5063 50.3602 18.4917 16.2669 6.04746 6.07949 1.45197 2.49699 3.82651 2.82058 2.20587 2.83164 1.12464 5.55445 0.839243 0.74941 2.75899 0.273142 0.277981 1.61638 0.644163 0.46032 0.592787 0.576259 0.49992 0.563729 0 0.472537 0.327437 0.321863 0 0 0.552594 0.306693 0 0 0
0 0 0 0.111544 0.528644 0.208445 0.771845 0.223055 0.607799 0.834843 0.740954 0 0.337722 0.506243 0.673475 0.689732 1.12004 0.503945 0 1.19867 0.2625 0.973632 1.13926 1.60036 3.41385 0.276611 1.27313 3.03066 5.8789 3.80056 2.22784 4.17135 6.55166 10.4717 21.2167 51.4934 97.6485 173.012 228.107 300.754 319.154 332.647 358.27 346.475 330.206 336.704 365.06 361.725 379.227 370.878 364.864 339.727 353.869 357.197 339.173 363.292 374.873 386.721 360.18 304.298 313.637 248.089 175.082 98.5286 37.8599 22.8046 16.5103 9.15749 3.93955 4.29728 1.98993 5.04186 2.01367 1.06578 3.33248 2.75358 4.25142 2.04307 1.7599 2.55754 0.596203 0 1.80472 0.283054 0.352993 0 1.14697 0.667884 0.105298 0 0.661868 0.398979 0.796733 0 0 0.0939683 0.824416 0 0 0
0 0 0 0.61602 0 0.964769 0 0.523177 0.812586 0.938547 0.115929 0.706652 0.673909 0.609723 1.61874 0.978655 2.64003 0 0.897128 0.323988 0.653566 0 1.47676 2.57273 2.7271 0.829549 1.00344 2.07908 4.9072 3.94243 6.25164 4.23851 7.07118 14.8318 25.9329 52.7195 99.8847 175.067 229.419 297.026 319.46 328.298 360.481 345.624 337.225 340.278 359.103 370.88 361.13 379.403 369.746 347.967 352.386 388.086 335.06 369.635 371.993 369.703 354.544 302.997 294.941 252.699 169.843 103.995 43.3435 24.0885 16.2402 9.87518 3.75928 2.71954 4.51574 8.99098 3.55782 0.444438 1.80713 1.17925 1.97777 1.99938 3.70688 2.41733 1.34767 0 1.36594 1.65137 0.483571 0 0.679918 0.560552 0.711901 0 0 0.42007 0 0.812074 0 0 0.575243 0 0 0
0 0 0.342843 0 0.911459 0.518615 0.470318 0.111324 0.918429 0 0.718558 0 0.867981 3.6975 2.38177 2.59735 1.03825 0 1.46612 0 0.745294 0.528422 2.49566 3.47278 2.89137 2.39015 1.1524 2.09866 3.16212 3.60875 4.75802 6.47357 7.50562 11.1206 25.2037 54.0967 89.7906 185.641 226.726 295.701 309.29 341.566 366.54 341.043 333.441 336.814 360.706 381.152 365.19 367.297 389.015 344.158 357.132 377.509 339.798 367.787 373.807 371.068 358.695 303.533 294.707 249.598 164.255 102.712 53.4778 21.4563 14.6861 10.9195 3.45125 3.43379 2.67981 7.24891 6.25874 0.595653 1.03055 1.51091 0.384327 2.99175 0.406191 2.79143 1.58417 0.195435 0.531659 2.32525 1.03625 0.779842 0 0.956021 0.398791 0.0223579 0 0.391303 0.795495 0.391247 0.630041 0 0 0.668806 0 0.531979
0 0 0 1.47296 0.81022 0 0 1.33725 0.334004 0.706331 0.0918019 0.42717 1.79678 6.62939 2.8257 0.0923926 0 0.411105 1.53754 0 0.966799 0.921739 2.24459 1.73218 2.3941 0.239234 0.730059 2.01009 4.38486 4.55 3.65068 6.12876 9.80563 13.8319 28.066 54.5008 92.0259 184.093 226.57 289.604 311.95 330.503 384.919 347.042 340.316 335.248 361.437 376.236 355.057 371.677 364.079 366.102 353.099 367.678 346.038 363.644 375.926 372.754 371.694 316.355 305.023 249.191 168.061 99.2671 49.0632 26.6379 19.2574 9.52539 5.21904 4.26936 1.44873 4.87867 3.53596 0.30908 1.40827 1.21928 0.815918 1.23 1.56325 1.893 0.925769 1.19913 0.389879 2.80742 2.18765 1.5139 0.450788 0.679452 0.490623 0 0 0 0.729177 0.481597 0.225481 0 0 0.387692 0.309453 1.21286
0 0 1.46583 0.473016 0 0 0.437718 1.27738 0.311489 0.210242 0.878132 0.592156 3.20138 0 0.738004 0 0 1.1195 0.799495 0.572494 1.39543 1.83547 2.78038 2.1932 0.969376 0 1.31596 5.61851 4.68439 1.47535 4.899 8.55394 6.62069 12.4852 32.2231 54.149 99.6728 188.798 226.325 297.134 306.68 320.795 367.643 341.84 345.136 343.831 384.449 375.061 357.743 381.632 368.988 358.459 344.969 383.169 357.843 366.31 374.959 376.343 382.302 314.7 299.263 245.188 172.446 103.139 50.8022 21.8087 15.2817 17.1689 5.70153 4.265 6.15718 5.85608 3.99959 1.35725 1.34431 0.872767 1.71469 0.205373 1.35322 0.855891 1.29423 1.02713 0.143324 0.800973 2.44873 0.735684 1.55029 0 1.05653 0.267155 0 0 0.32726 1.11051 0.117015 0 0 0 0.231633 0
0 1.24957 0 0 0 0 0 1.78619 0.483217 1.00836 0 1.19681 2.50044 0.780705 0 0 0.350244 1.31259 1.04208 1.69754 0.276914 6.73575 2.09092 0.77557 0.651373 3.55191 3.7948 4.32506 1.80174 2.93545 5.15043 11.1509 9.26492 17.3808 33.2941 55.455 98.5318 191.65 224.462 303.636 309.33 319.371 375.359 342.161 344.335 364.237 383.612 361.498 375.664 401.33 378.906 376.676 341.561 369.334 367.515 369.881 366.164 396.334 387.351 308.462 297.815 242.274 167.308 105.019 53.0303 23.3894 16.0082 10.0415 9.69975 2.20031 2.16122 4.74549 5.63238 3.31544 1.23886 0.828042 0.531577 0.834471 0.502744 1.31256 0.0946717 1.75539 2.10824 1.44873 1.41104 1.56292 0.876782 0.375206 0.398376 0.712891 0 0 0.542683 0.672414 0.607902 0 0 0 0 0
0.528246 0 0 0 0 0 1.89407 0.3243 1.03089 0 0.584067 0.781104 0 0.586882 0 1.32258 1.20663 1.59516 0.552404 0.99858 5.79601 5.89118 1.9039 0.83037 4.53785 1.97541 3.45249 4.06349 1.45067 3.4066 6.23577 11.3549 10.6147 13.8095 32.1243 62.4381 100.93 181.828 230.769 299.669 309.712 343.959 370.942 342.411 346.668 343.362 374.162 372.175 364.696 389.13 371.079 349.925 343.109 353.438 376.979 379.325 386.62 381.628 380.43 314.969 300.78 239.574 164.582 107.072 52.3352 23.203 16.7065 8.28405 6.62738 7.64292 2.32012 2.75106 4.14511 4.92974 1.19474 0.739237 0.720499 0.747349 0.447884 0.639291 1.55282 1.47346 0.503884 0.319049 1.64266 1.44156 0.624595 0.367203 0 1.15332 0 0 0.34215 0.517768 0.833689 1.03559 0 0 0 0
0 0 0 0 0 0 2.57619 1.03247 0 0 0.946242 0.556188 0.0254931 0 1.5704 1.24135 0.782205 1.37868 0.553281 2.35596 3.61681 1.7827 1.84253 0.800889 0.889836 3.15029 3.76414 3.01837 1.96503 4.04005 5.58304 5.77601 5.36521 12.1149 32.5 54.1793 106.301 174.339 250.548 299.312 315.891 330.919 369.829 345.251 355.159 365.335 387.958 366.494 386.235 386.415 370.984 356.087 347.314 364.913 377.178 376.413 406.702 384.929 381.399 319.429 308.258 241.409 172.539 110.918 56.8541 25.8623 12.808 10.6417 5.2222 6.17472 6.46464 3.24729 3.3969 2.92402 1.8435 3.61557 1.83878 0.562049 0.75503 0.769483 1.2386 3.95515 0.894203 0.277627 1.95661 1.17635 1.22985 1.67574 0 0.350264 0.397141 0 0 0.727629 0.605395 0.930334 0.387061 0 0.182869 0.459959
0 0 0 0 0 0.788167 0.484337 0 0 0.10632 0.459539 0 0.0628483 0.41516 1.42281 0.22615 1.52142 0.485362 0.709958 1.95241 2.9017 1.35704 0.557907 0 1.14 2.04944 2.13693 1.17194 2.13362 4.40396 5.2521 4.63481 7.2186 13.1188 36.1004 60.1637 113.679 183.799 237.739 305.598 326.227 354.638 375.334 359.506 356.051 376.031 387.324 391.012 385.862 400.705 370.951 360.947 350.441 377.549 374.761 361.91 391.889 373.612 380.814 320.826 289.097 243.58 176.507 106.911 58.6876 28.1589 13.3859 7.45166 4.55826 4.69395 2.67956 1.94917 2.40611 3.01908 2.81173 9.4483 7.03921 0.546386 0.0115213 1.09154 0.544528 2.06608 3.44185 1.7666 0.98603 1.98931 0.805149 0.61455 0 0 0 0 0 0 0.245859 0.552716 1.3863 0 0 0.340258
0 0 0 0 0 0.674691 0 0 0 0 0.429044 0.70437 0 1.08756 0.580001 3.87707 3.84598 0.862902 1.01286 1.71158 2.41431 1.59403 0 0.212857 2.11744 2.03615 3.3642 1.0295 1.92461 5.27493 5.6192 5.10549 7.42778 14.0736 37.9444 63.3367 119.102 192.531 233.582 286.456 318.473 372.048 368.903 351.72 354.418 363.535 404.009 366.741 379.826 403.305 373.969 368.289 370.615 368.808 375.166 357.251 392.552 380.269 379.843 325.753 305.519 246.71 181.536 107.311 59.1046 29.2587 16.7716 8.77321 2.94145 5.56346 4.03609 2.90196 1.11396 6.50575 3.14593 1.86949 9.01639 2.50761 0.994228 2.48277 2.04733 0.803085 3.50962 2.65571 4.35159 2.64428 1.33205 2.26358 1.18992 0 0 0 0 0 0 0.772737 0.557393 0.820465 0 0
0 0 0 0 0.175808 0.843686 0 0 0 0 1.38189 2.03906 0.652114 0.76524 0.384679 2.64419 1.5547 0.303498 1.12855 1.33421 2.30906 0.752818 0.629692 1.5694 2.94919 1.25595 3.24805 1.09269 3.12862 5.68339 4.40536 8.17323 7.17582 14.5251 46.3274 63.059 115.537 196.869 226.195 294.452 311.388 348.871 380.008 348.373 356.445 366.694 380.038 389.781 384.1 408.502 374.941 373.43 377.068 369.803 379.619 366.379 390.824 384.131 377.414 329.642 288.423 235.439 172.794 110.781 59.4163 34.2317 15.4111 10.697 4.01969 4.67049 3.86199 3.18337 2.41269 2.41667 5.73914 2.30551 1.34483 0.741595 0 0.639269 2.59742 0.148415 2.01548 2.03151 0.845627 6.94666 0.71631 0.463995 0.77288 0 0 0 0 0 0 0 0.856644 0.736941 0 0
0 0 0 0 0.924455 0 0 0 0 1.66772 2.22594 0 0.307391 4.39564 1.03117 0.1471 0.633782 0.156992 1.85372 1.56152 1.67415 4.01545 0.527401 1.53439 2.07019 2.71499 1.70034 4.10895 4.82794 4.2678 3.71132 8.50582 9.9345 17.1129 41.6092 60.2607 119.273 188.854 230.284 286.708 311.286 350.25 369.555 352.249 361.892 370.104 385.878 374.044 381.499 417.081 381.739 379.29 368.349 378.243 387.995 372.657 415.056 386.993 363.607 330.87 287.533 233.553 164.764 126.219 60.7971 39.5528 15.1508 9.13871 6.36813 4.70817 18.2059 4.06419 2.50851 2.6185 3.20796 2.84727 3.62694 0.68371 0.600199 2.00508 0.167214 2.08177 0.979781 2.3253 0.612292 0.719229 1.44059 0 1.46139 0 0 0 0 0 0 0 1.93129 0.384765 0.347723 0
0 0 0 0 0.88495 0 0 1.42726 0 2.95234 0.492772 0.428317 0 0.75148 0.599096 0.610959 0.695642 0.251768 1.68381 2.53155 1.2761 1.88057 0.988125 1.80543 3.1664 3.52593 1.06578 4.37222 6.96493 1.95043 5.47444 8.68525 12.3347 19.5937 41.625 67.6728 119.718 220.129 230.665 310.736 321.893 348.908 380.001 356.916 363.06 377.222 385.298 380.076 394.262 406.818 379.985 352.178 370.844 396.723 378.527 389.862 394.765 368.056 392.881 331.407 290.38 229.134 165.147 126.476 64.3202 37.3549 15.6142 5.67697 6.0882 4.81973 5.82833 3.86972 2.29486 0.749432 2.54403 3.91401 3.07529 1.04718 1.16333 0.575348 2.17192 1.29726 0.509382 0.799794 2.38235 0.773192 1.35323 0.621964 0.592911 1.7032 0 0 0 0 0 0 0.412144 0.701088 0.864643 0
0 0 0 0.740501 0.928698 0.122602 0.794032 3.12056 0 1.71223 0.800964 0.690484 0.923255 1.09419 0 0 0.453944 1.8235 2.10081 4.91919 0.947807 0.292048 2.7544 2.41034 2.85502 1.23959 2.48966 4.90353 4.22796 1.91714 7.8696 8.79226 17.5869 18.5385 46.0347 64.4577 130.324 186.02 233.661 293.87 328.48 361.188 385.501 363.78 367.598 372.891 396.378 380.081 378.659 416.905 392.495 388.401 366.263 399.499 368.283 390.823 397.413 371.263 372.32 344.06 286.221 244.708 167.147 121.806 64.3163 35.9954 17.9658 7.68557 6.23902 4.22849 2.14814 4.97864 4.07631 2.02617 3.33731 2.12666 1.40633 1.88031 1.49967 0 1.19572 0.756948 1.24633 0 0.793272 0.777929 1.27336 1.24565 0.0911734 3.45029 0 0 0 0 0 0 0 0.526721 0.225424 0.608295
0 0 0 0.953103 0.687262 0 4.4707 0 0.75414 0.264189 0.308099 0.324 0.939422 0.370153 0.244311 0.38756 0.575882 2.36241 4.077 4.45834 1.12401 0.570929 4.12089 2.07573 2.70973 3.11979 3.58622 2.95544 3.30714 1.59657 8.23886 8.4019 13.8089 20.5817 49.5809 67.3548 147.532 190.4 222.859 294.202 319.445 362.241 407.223 367.609 370.764 375.173 386.024 376.12 387.103 428.784 391.278 376.61 359.497 399.836 377.423 391.97 407.542 377.675 381.037 327.297 288.683 266.988 179.751 125.896 73.2369 37.2944 16.4608 10.4309 8.15267 5.46701 6.02342 12.1137 6.19924 2.93329 7.25859 2.89324 1.66045 0.62901 0.345241 1.11242 1.12423 1.07742 0.479975 0.593845 0 0 0.521846 0.829208 0.74188 0.883317 2.9408 0 0 0 0 0 0 0 0.644536 0.565816
0 0 0.401271 1.24313 0.517268 0 0 0 0.531792 0 0.725828 0 1.73572 0 1.50849 0.329839 1.85757 2.32402 4.86559 1.93738 1.42899 0.734945 1.5494 4.4857 2.06923 2.0663 3.0466 5.38269 1.83118 5.74495 6.33125 7.12433 13.6765 20.7971 45.4791 70.4771 125.424 191.688 222.92 301.738 317.537 363.603 386.684 376.796 367.38 389.167 382.985 392.088 396.869 439.849 385.554 379.083 362.033 400.565 390.245 413.417 399.918 391.978 351.856 324.311 306.761 250.525 180.005 126.085 77.0484 46.1368 20.9917 9.80902 10.6067 5.79365 4.15072 3.89122 10.8929 3.07575 6.28673 0.717843 2.77558 1.19361 0 1.65915 0.714468 1.36767 1.48408 0.324637 0 0.121206 0 1.22697 0.392702 0 2.7086 0.828681 0 0 0 0 0 0 0.816543 0.40722
0 0 0.124427 1.13187 0 0 0 0 0.658076 0.776947 0 0.673106 0.683157 0.310277 1.00536 0 1.95598 2.88411 0.409124 2.15186 0.343325 1.45375 2.89595 4.2479 0.748324 2.0488 2.3705 6.3462 4.56349 8.34574 7.06157 8.78438 13.0722 21.5308 47.5806 73.0073 130.849 182.212 223.429 311.429 333.128 369.047 388.501 385.955 370.542 386.743 388.87 380.181 393.178 429.388 383.95 379.721 376.975 385.6 388.945 415.902 399.33 384.253 360.56 329.751 316.435 248.375 172.5 130.152 70.2171 43.7287 25.5135 12.5441 6.85803 7.22473 9.97562 4.11941 2.81101 2.79713 3.05622 0.857321 1.23557 1.53296 0.906326 1.17833 0.769679 1.95804 2.6283 2.92837 2.54864 2.84794 0.383443 1.455 1.10435 0 0.955519 0.849495 0 0 0 0 0.520555 0 0 1.51074
0 0 0.537693 0.307551 0 0 0 0.355679 0.45144 0.266358 0 0.650554 0 1.54668 0.533848 2.34102 0.647657 1.75158 1.77991 2.17267 0.634112 2.04583 2.53347 4.17232 0.876673 3.8121 2.75349 6.87463 5.20854 9.8414 4.1164 12.4968 12.8413 29.4426 52.42 80.5846 129.454 194.308 229.349 319.424 328.202 372.575 387.738 392.24 372.137 403.03 384.345 374.019 397.016 436.84 384.294 385.946 372.502 384.085 389.343 397.838 391.375 391.297 368.54 320.307 297.81 255.136 178.383 135.899 73.1359 39.1452 29.5124 13.9118 3.91863 4.5061 7.19865 7.15662 2.38679 5.15573 3.11979 1.97824 1.12157 1.08111 0.85206 1.26441 1.76184 1.48586 0.339285 1.94588 0 0 0.828723 0.649695 0.269756 0.483141 0 2.4153 0.411711 0 0 0 0.419632 0.149595 0 0.865144
0 0 0.218054 0 0 0 0 0.469461 0.10014 0 0 0.56227 0.794038 0.676462 2.13086 1.83238 1.04265 0.44451 1.75772 3.16608 1.25886 2.77488 1.72372 3.39599 1.53966 3.30257 4.88408 6.70382 6.69763 11.2454 3.4072 9.38564 17.2818 32.3918 59.1155 85.297 130.897 193.39 229.043 298.461 340.09 364.681 388.509 390.641 375.532 391.482 382.152 395.337 404.21 448.616 407.899 405.089 374.525 390.287 400.135 400.391 390.85 404.847 363.764 328.081 305.175 258.775 176.042 139.862 76.5467 38.6786 28.7066 15.8219 5.64389 4.75188 5.21043 5.49204 2.12595 3.35134 4.83813 3.67461 0.831479 1.0315 1.0422 0.777054 1.89601 3.3988 4.03202 1.45885 2.25793 1.81529 0.676921 0 0.642385 0 0 0.16456 1.16006 0 0 0 0 0.709637 0 0.184723
0 0.257106 0.221612 0 0 0 0 0.632854 0 0 0.373124 0.22662 1.15249 0.755413 3.54821 0.646911 0.576272 0 2.88394 2.68522 0.893782 3.2277 2.73584 1.49284 1.62283 6.17553 8.10141 6.88235 15.023 9.45424 8.12157 7.17775 17.6391 32.0296 54.7041 84.834 133.025 184.221 235.453 294.614 338.738 376.612 401.759 395.484 389.558 390.447 382.201 387.577 420.969 433.141 393.755 405.052 372.813 381.225 410.73 401.164 391.014 394.014 355.192 333.737 304.432 243.467 174.552 154.52 86.9575 42.0611 29.8014 17.2428 6.20768 3.9523 3.58209 8.09193 2.51447 2.78438 4.76457 2.08725 0.555461 1.28314 3.55488 1.159 3.06383 0.87612 2.16118 0.647746 0.863111 2.55773 3.22695 0.43313 0.607799 0 0 0 0.666517 0 0 0 0 0.441786 0.350214 0
0 0.572078 0 0 0 0 0.216488 0.285837 0 0 0.554312 0 1.30921 1.04838 6.12862 0.605023 0.47112 0.746081 4.48253 0 2.15605 3.1819 3.6822 3.95663 6.61289 3.61283 6.46121 2.1597 12.3806 9.85679 7.34735 6.91224 16.7691 33.0975 59.1847 90.8831 126.265 189.086 233.478 298.425 351.412 374.672 381.798 411.814 379.612 384.894 382.712 382.493 411.886 438.568 384.089 410.627 376.275 390.317 409.076 435.241 389.752 401.984 367.317 346.718 291.771 246.806 193.054 155.396 91.7983 46.854 27.9416 17.077 8.42538 2.83279 3.44097 6.54446 3.32479 2.27078 4.06377 5.22899 1.23525 1.12967 1.99661 3.90426 8.20095 0.835 1.30212 1.17043 0.575406 0 0 0 0.748139 0 0 0 0.185092 0.558381 0 0 0.237452 0 0.695911 0
0.282588 0.495468 0 0 0.234599 0 0.578745 0 0 0 0.650032 0.396762 0.48747 0.987675 2.19158 0.332131 0.778738 2.09423 4.24747 0.499979 2.81102 1.76787 3.62381 0.767035 2.50426 2.70213 6.06756 4.03644 9.85157 8.89528 6.86329 9.35418 16.3403 39.4609 57.128 86.0808 125.367 190.717 240.15 283.709 349.471 385.138 372.673 398.722 388.594 397.37 380.392 399.262 417.779 437.787 401.595 392.261 408.684 421.903 392.591 416.902 400.038 406.749 375.071 339.864 291.987 244.752 194.33 149.921 90.1883 46.7355 24.8264 20.7104 13.9924 3.26306 5.79142 4.07784 2.78672 2.81539 2.70909 3.43002 5.95802 0.855404 1.98535 2.20687 3.85575 2.81166 0.567355 2.04781 1.19941 0 0 0.152862 0 0.727388 0 0 0 0.982667 0 0 0.679315 0 0.449578 0.100015
0.933757 0.73639 0 0 0.954685 0 0.519913 0 0 0.462461 0.256407 0 0 1.17824 1.0578 1.98896 1.10693 2.65538 0.641809 1.39226 2.64674 2.49499 2.01788 1.36134 2.43021 4.61184 5.02894 5.1887 7.47366 7.51646 9.21086 10.4701 16.9847 38.2471 55.4043 85.1605 132.166 192.935 250.912 290.497 352.459 375.411 372.71 404.456 381.854 400.834 378.772 397.05 416.864 438.537 402.45 390.745 401.397 407.079 400.386 415.329 410.287 397.328 379.599 351.475 290.87 243.151 189.425 159.839 92.9224 55.3683 27.9022 20.963 12.5382 7.28904 3.93822 4.55273 4.26196 3.25629 2.66354 1.86311 11.8754 0.554932 1.92697 3.08756 1.04862 6.33066 0.707734 1.27724 1.13868 0.628113 0 0.244546 0.481154 1.43497 0.262543 0 0 0.538135 1.09265 0 0.446 0.568145 0 0.660973
0.717393 1.72633 0 0 0 0 0.680589 0.13225 0 0.0942007 0 0 0.734126 0.780036 4.95816 1.53765 1.20512 1.46371 0.250765 2.54883 1.67739 1.42942 2.53362 4.40334 3.15839 8.30003 6.03943 5.40378 6.54882 9.57528 6.38882 11.3708 17.2242 42.4742 52.5993 85.622 131.353 190.756 245.294 300.66 372.69 373.912 381.605 410.84 394.382 407.856 386.12 408.953 442.319 438.036 405.388 397.161 407.857 415.392 416.387 406.453 400.934 401.488 388.526 361.314 296.527 236.782 194.822 154.346 102.491 61.5518 28.0916 22.5307 11.8343 11.2588 6.79516 6.28051 3.03316 3.72612 3.81341 1.29224 3.07939 3.9735 0.784033 5.28167 0.958404 5.16336 0.474125 1.38856 2.27491 1.13102 0.399475 0 0.941361 0.706851 0.676758 0 0 0 1.44684 0 0 0.682047 0 0
2.07071 0 0 0 0 0.444512 0 0.720095 0 0 0.684225 2.69323 0.715351 0.197004 0.342816 1.83864 1.7947 1.2811 1.45594 1.61225 1.94645 1.53928 2.69641 4.0382 3.8746 8.63842 2.33472 7.17752 8.12607 6.92189 9.20642 13.9264 16.8683 45.2981 53.1754 83.7223 133.509 190.517 253.762 295.37 370.895 379.905 373.667 420.413 387.598 425.633 374.746 407.415 413.674 459.255 423.249 406.474 422.744 411.813 423.323 419.372 396.147 391.779 395.241 349.496 306.318 231.673 200.876 154.976 121.784 58.3031 28.3214 22.6802 12.9238 10.9595 10.0626 9.5593 2.10152 3.35672 4.54181 2.07941 1.72303 4.33969 1.51133 3.82516 1.3606 2.05541 1.78246 1.17187 1.72368 1.21631 0.526384 0.274441 0.84499 1.85096 1.11164 0 0 0 0.293132 1.40659 0 0.137777 0.206395 0
0.406594 0 0 0 0 0.586939 0 0.663417 0 0 0.050806 0 0.984855 0 0.453254 3.10956 1.32003 1.85189 2.79867 1.24326 0.990348 2.79339 3.51841 4.05948 2.07325 5.68581 1.26894 6.05363 7.63829 6.51485 9.07747 13.6925 21.1649 45.374 49.6936 85.2652 140.894 193.577 248.228 294.275 357.177 379.398 388.378 404.599 404.641 447.677 386.258 417.765 407.44 458.248 429.796 411.11 420.395 425.987 420.002 418.229 410.009 381.088 394.806 342.644 298.809 241.141 192.306 147.879 109.984 56.566 29.6023 18.1717 12.3096 9.36533 7.15679 12.5107 7.03875 3.14325 2.77756 2.05306 3.89089 1.93402 2.91336 0.807028 4.42051 2.07553 2.26237 0.369891 2.20295 1.6967 0.570232 0.32312 0 1.90574 1.05631 0.645439 0 0 0 1.25465 0.337083 0 0 0
0 0 0 0 0 0.633387 0.638708 0.141745 0 0 0 0 1.11022 0 1.84934 2.54235 0.886387 1.77957 1.84546 1.86407 2.31162 3.75101 1.03691 3.60694 2.86413 3.84367 2.62002 5.97703 6.67713 6.60223 9.89523 11.7397 26.5355 46.0993 50.1454 83.962 139.906 203.547 247.29 303.782 365.318 366.486 398.112 410.534 391.884 432.924 400.98 408.566 411 448.788 433.32 436.291 420.173 415.109 457.407 410.311 399.864 403.188 392.902 339.281 335.865 242.613 184.575 147.613 109.323 60.8159 31.789 18.0174 13.2074 5.95084 6.28219 3.08901 3.92247 5.50021 6.89531 2.99461 2.03915 5.11033 1.49211 3.25851 6.09049 1.12253 3.34665 0.435799 0.701745 0.767665 1.52125 0 0 0.964386 2.73786 0.724561 0 0 0 0 1.55833 0 0 0
0 0 0 0 0.445962 0.36341 0.686321 0 0.842842 0 0 0.885151 0.542182 0 1.79884 1.21457 2.52608 1.03003 1.47053 4.10999 4.03547 2.19748 1.24819 5.27202 6.43169 1.29994 2.82716 7.06999 4.55495 10.1104 9.50103 12.5647 30.8875 41.0608 59.655 84.5927 140.788 186.706 247.474 307.385 384.652 350.099 386.931 412.259 412.003 443.145 420.723 421.952 426.69 427.636 416.212 426.171 435.1 424.607 425.649 417.141 417.393 412.653 399.815 340.026 311.65 246.359 178.441 190.021 102.707 64.8481 33.3281 21.7924 10.4921 6.64653 4.36154 4.0181 3.94319 2.55706 4.86723 4.14733 1.06253 7.46312 1.95753 0 2.22441 2.58687 1.11616 1.9642 0.805793 1.44626 1.54172 0 0 0.73567 1.98457 1.25059 0.402027 0.0916515 0.0233424 0 1.12092 0.666954 0 0
0 0 0 0 0.158501 0.021803 0.538392 0.225814 0.968363 0 0.880533 1.45725 0 0 3.36225 2.51604 1.67681 1.85072 1.80097 3.26217 6.69378 1.11891 2.52489 8.00613 4.70542 2.3436 3.4834 6.02622 6.6625 8.76707 10.8378 15.0605 30.0039 39.0681 65.1179 82.4853 136.895 188.893 248.991 308.988 394.658 367.741 412.698 423.931 418.311 447.738 417.958 432.841 417.436 438.852 430.56 446.078 430.258 427.061 437.389 428.93 400.205 395.017 403.231 341.216 308.276 258.138 181.544 153.178 102.875 56.3459 33.8421 23.309 9.60363 10.0089 6.53822 6.12469 4.31942 4.15031 3.15044 3.07472 2.60726 3.54477 2.53636 0 0.580921 2.70315 0.867114 3.59464 1.08392 1.36092 0.15347 1.42034 0 0.136141 2.21059 1.87033 0.925159 0 0.0555551 0.0744742 0 1.59234 0 0
0 0 0 0 0 0 0 2.00864 0.137494 1.16904 1.82454 0 0 0.891769 3.59149 1.43608 2.90856 1.24401 2.66482 3.20766 4.288 2.15933 2.39826 7.34641 4.26314 1.76248 6.66545 7.9515 5.31675 7.58452 13.5547 15.8073 30.3427 43.1546 69.9919 88.399 139.851 191.994 251.512 317.967 379.561 362.759 429.186 420.506 397.183 432.607 420.122 425.079 421.543 456.271 446.827 426.919 420.354 434.652 444.258 415.082 406.971 409.773 408.801 347.684 308.164 263.862 191.574 164.971 111.505 59.0895 30.4752 25.6603 14.0824 10.1543 14.9908 4.96336 3.19608 5.90859 2.6998 2.83646 2.58093 1.93499 3.09907 0.904456 0.118016 2.63104 0.966772 3.49778 2.86995 0.830954 0 1.46184 0.142131 0.0582736 0.940898 2.6707 1.5179 0 0 0 0 0.720586 1.05849 0
0 0 0 0 0 0 0 1.41568 0.61403 1.21768 0.132268 0.298184 0 2.71535 2.3612 1.87961 2.97183 1.96599 2.42619 3.44021 0.62977 0.914086 2.25131 3.30526 3.85785 3.33047 5.29185 4.63451 4.01112 8.11863 14.964 14.1345 27.5926 40.0954 64.6558 88.5693 146.034 191.666 251.909 319.704 382.306 365.061 426.038 425.444 436.716 468.359 442.617 425.974 427.258 461.739 438.929 425.197 439.343 451.613 443.717 424.797 396.373 402.49 401.123 342.713 297.331 271.545 187.605 148.479 110.354 63.0677 36.5663 22.3617 16.414 9.83276 9.74585 6.0713 4.40708 6.57711 5.19769 1.49161 2.21603 3.28318 4.88021 0.835447 0.313899 1.74991 2.38971 1.41779 3.03581 0.264363 0.567663 0.655453 0.719804 0 0 6.65569 0.630233 0.692624 0 0 0 0 1.3119 0.466074
0 0 0 0 0.403142 0 1.11404 0.498181 0 0 0.838805 0 0 6.43736 1.35949 3.34063 2.77934 0.733762 3.68808 1.1486 1.29426 0.130299 1.3859 4.0849 2.20557 4.06734 4.57652 3.94461 6.33653 5.64061 25.1266 15.0975 28.1128 43.047 62.9026 96.6526 144.962 209.099 260.678 312.83 379.376 372.743 424.285 419.521 428.385 451.483 426.877 425.932 464.103 443.885 459.466 461.204 430.436 447.825 439.763 420.594 404.3 410.013 396.115 341.998 296.737 275.476 191.459 153.665 109.745 59.3009 46.0464 21.7431 16.7003 12.2035 9.76519 6.6414 5.38417 3.67852 6.97793 3.22813 2.02575 4.28595 1.93114 4.89571 0.976806 0.840562 4.15227 0.647121 2.29764 1.11766 0.623885 1.87536 1.59025 0.152864 0.122016 0.753857 0.111446 0.291532 0 0 0 0 1.59047 0.835802
0 0 0 0.975184 0 0 1.80717 0 0 0 0.73765 0 3.6813 2.93889 2.00049 2.09391 0.164549 0.322672 3.00013 1.50644 1.01686 0 1.2721 1.36458 2.11486 2.91803 6.71503 5.91676 11.7951 8.76007 13.5042 15.3465 28.9453 40.1657 66.4714 99.9838 155.485 192.147 259.202 318.431 380.718 388.019 462.535 398.111 429.738 461.601 424.591 448.929 430.718 446.27 478.752 464.668 429.546 465.194 438.228 413.851 421.534 390.405 384.485 369.424 298.224 273.342 193.783 160.018 122.494 56.8955 40.7659 21.8651 13.5382 13.4674 13.36 6.15957 4.40474 5.06658 6.05489 4.71582 7.1975 1.75055 3.95243 2.79866 1.02382 0.780638 4.167 0.779945 1.66762 2.28101 0.829004 0.21665 1.94644 1.18321 0 0.729258 0.83994 0 0 0 0 0 1.19017 3.24654
0 0 0 0 0 1.31977 0.48877 0 0 1.75569 0.823237 0 1.97097 0.670051 2.14379 0.683683 0 0 2.15148 6.48743 1.47735 0 1.83943 1.70043 3.78648 1.31289 4.9101 6.61786 7.06952 7.70596 8.65641 18.5903 28.6529 44.4195 61.0955 99.9251 155.595 198.737 254.472 305.64 378.48 393.545 451.807 421.933 438.191 467.577 454.849 446.724 441.954 455.788 473.526 460.012 435.031 497.645 458.021 426.599 404.336 386.913 396.169 377.968 296.356 288.117 187.685 171.591 112.417 63.0132 48.7594 20.8798 15.7671 12.5676 6.95484 3.7128 4.04835 3.22553 5.35227 5.56673 1.90699 1.5151 4.48133 1.48681 2.6126 0.539908 1.90964 4.30068 0.802469 0.787528 1.80215 0 1.75587 0.610593 0.127066 0.76163 0.884504 0 0 0 0.0499369 0 0 0.76186
0 0 0 0 0 1.57603 0 0 0.172875 2.17899 0 0 2.00905 1.47331 0.994515 0.165732 0 1.02501 2.66666 4.70105 0 0 1.8514 2.74949 3.4524 1.09458 7.62651 11.9116 4.43642 8.77588 9.92821 15.2878 30.3746 48.7166 60.8824 106.408 167.031 206.104 255.575 301.909 376.343 411.732 501.946 424.691 444.558 472.311 455.706 449.578 436.22 466.257 465.106 456.539 446.445 466.655 438.144 444.421 406.729 397.12 393.164 379.181 298.835 290.742 193.46 170.897 117.629 63.4951 41.0945 24.5298 13.1266 14.1123 8.63836 5.52303 5.84033 3.10644 3.94873 5.70689 4.34002 2.60021 2.02958 1.25223 2.85748 2.18555 2.16105 3.76787 3.39164 0.642866 1.24907 0.160198 0.291891 1.32211 0.964407 0.629307 0.532018 0.978082 0 0 0 0.104968 0 0
0 0 0.267872 0 1.223 0.655296 0 0 1.11355 1.42365 0 0 0.895128 3.55205 1.41061 0 0 2.54479 3.83447 2.09297 0 0.424716 2.56161 2.96853 1.39978 3.17556 7.47049 6.94346 6.12861 7.8289 11.6951 27.7964 43.0253 53.2153 61.3008 111.647 174.248 192.59 272.314 306.186 362.984 418.939 481.198 442.371 458.588 470.172 458.464 483.15 452.026 461.416 469.418 480.949 467.285 489.608 443.256 414.653 443.954 411.562 391.827 392.962 304.558 299.709 186.199 172.436 112.212 67.7432 41.7364 28.5168 12.3689 16.5692 10.5732 4.53272 6.74065 4.18207 2.62499 3.80631 3.35001 1.44928 1.83258 3.84422 2.67298 2.99153 0.798523 3.61859 4.91127 2.34045 0 1.07734 0 1.2368 0.818699 0 0.875609 0 1.0408 0 0 0 0 0
0 0 0.904897 0.394099 1.42079 0 0 0 2.43807 0.22094 0 0.184298 3.89636 3.60326 0.296219 0 0 3.13598 2.86719 0.771992 0 0.818878 3.61867 3.67498 0.892319 5.34328 3.79149 5.24112 7.10953 8.36594 25.5513 22.2777 28.1447 57.0769 64.4624 110.027 169.784 197.957 262.091 312.739 390.146 429.858 472.8 426.408 457.613 490.706 487.152 497.967 457.036 463.253 471.705 494.249 431.758 472.172 425.62 431.377 444.294 414.759 402.849 398.878 304.172 303.597 201.293 174.374 119.746 74.4985 43.5512 31.5624 11.2838 16.7021 9.02316 6.66193 6.94237 3.92012 5.57162 1.74558 1.65428 1.82942 1.90375 3.39931 2.87062 1.92394 0.470646 1.58235 4.28892 2.90504 1.91961 4.02085 2.20435 1.11412 0 0.84291 0.683681 0 0.484807 0.557617 0 0 0 0
0 0.198735 0.614497 1.01497 0.824625 0 0 0 1.87555 0 0 1.52475 7.552 2.38684 0 0 0.357152 2.80057 4.0332 0.172464 0.375376 0.822273 3.81906 2.91671 0.849525 4.72995 2.58349 7.06143 9.61774 8.99861 21.0872 19.567 33.0457 61.0244 66.6108 111.421 170.12 211.465 275.517 310.194 376.137 420.157 475.371 417.919 486.036 504.167 456.779 487.831 450.674 477.995 480.801 503.28 436.05 493.16 443.691 423.612 444.27 426.931 413.563 410.01 305.488 322.916 202.212 167.994 117.498 76.8361 50.5597 38.4079 16.4499 13.2341 9.88079 10.9048 5.52276 7.36967 9.66891 2.43588 1.47431 2.20058 3.31426 1.78689 3.63138 2.50849 0.352505 1.39732 0.772436 5.41098 2.71498 0.404399 1.19726 1.70444 0.96883 1.81208 0.774496 0.175019 0 0.975365 0 0 0 0
0 0.928512 0.511987 0.875729 0.697564 0 0 0.801788 0.666248 0 0 0.763716 4.91326 1.02879 0 0 3.09921 0.40758 3.46062 3.52831 1.23682 3.7323 3.35407 3.73545 1.06721 6.24367 5.23185 7.23498 6.81478 12.2279 14.7872 18.6254 35.2042 63.1914 74.2756 114.449 189.514 228.669 276.696 315.659 384.044 446.673 481.286 428.7 471.59 492.048 490.723 481.259 435.993 477.605 506.346 508.241 449.03 499.15 459.585 442.72 458.044 440.652 423.382 399.781 301.473 319.081 215.916 169.318 120.721 71.9311 44.5144 35.9859 19.9051 10.7137 11.4374 7.97067 8.79449 2.41607 5.07946 9.67496 2.80948 0.520213 4.1875 2.82732 2.14164 3.87598 1.30094 2.18785 0.419808 5.35476 1.48363 1.42737 0.909319 2.6252 1.15597 0.743025 0.40186 0.639595 0 0.163771 0.814094 0 0 0
0 0.779921 1.09865 0.968976 0.844802 0 0 0.903215 1.16419 0 0 3.4907 2.7993 0.830213 0 0.504782 4.11294 1.56177 4.19458 1.06517 2.55719 4.44302 2.82234 2.43468 1.88828 5.20585 9.50288 9.06927 10.9246 9.70449 13.0388 21.3019 38.2757 59.2659 76.9184 114.981 177.419 224.093 270.755 319.545 389.764 430.879 484.101 442.658 490.36 489.52 476.223 487.718 448.896 495.889 507.982 526.55 444.171 507.338 467.85 447.636 475.514 449.597 429.552 398.823 306.159 326.636 223.125 163.116 123.468 69.8825 44.1785 34.2142 20.3393 13.8396 13.4026 9.52471 9.54426 5.25339 1.30899 10.746 5.38722 0 0.623638 10.7064 3.11132 4.73885 2.0633 2.31084 1.44122 2.65189 2.57678 0.420277 2.00894 2.03916 3.86258 0 1.23929 1.5565 0 0 0.868239 0 0 0
0.477747 1.21221 0.161035 0 1.24032 0 0 0.743182 0.39628 0 0.457109 3.34816 1.09619 1.10029 0.609248 0.966464 5.32184 3.95216 1.77447 1.34838 1.83838 2.15611 2.50005 1.34599 2.82171 5.80106 16.6326 9.27236 8.37087 9.30774 15.9582 22.4503 44.605 58.0933 76.8447 131.994 191.946 224.314 285.72 321.686 394.475 431.722 452.009 455.836 475.047 485.006 523.883 501.456 449.765 489.296 501.879 539.08 460.003 510.316 485.796 448.427 481.09 459.057 448.081 397.397 307.185 320.979 241.227 178.111 132.311 75.062 42.7261 31.3479 22.6516 16.8223 10.0854 9.27001 7.47399 10.4492 1.11658 8.5085 7.12091 0.637742 0.802277 4.19568 7.61364 3.92146 1.95647 3.43491 1.25734 2.08308 3.37169 0 1.70284 1.5015 2.6907 3.25289 0 0.00518303 0 0 0 0 0 0
0.886945 1.55928 0 0.338948 0.577848 0 0 0.0426891 0 0 1.99373 2.53551 1.12533 0 1.65272 4.61302 1.02821 4.93059 0.184296 3.53181 0.697881 2.29932 4.67503 0.311396 5.08085 18.4837 8.98754 6.40865 8.53817 9.52101 15.579 26.589 37.6061 70.7628 71.4137 129.162 175.183 232.704 277.685 342.739 383.653 440.287 453.911 487.562 495.118 478.924 529.289 496.166 459.185 501.809 498.407 549.473 470.885 516.71 489.768 473.296 474.102 466.812 444.272 397.196 308.275 328.083 238.277 175.644 140.93 88.4725 51.3018 33.8245 25.5164 13.9075 10.1732 8.0894 8.19337 8.7413 7.13047 7.03631 9.75639 3.84186 1.97664 2.01786 6.41283 9.96517 4.10561 1.97301 2.31885 2.79821 5.12003 0.3303 0.983947 1.73704 2.49562 2.86661 0.754034 0 0 1.6828 0 0 0 0
1.1637 1.38152 0 0.97582 0 0 1.07991 0.0130732 0 0 3.09425 1.04914 1.07614 1.01784 1.27433 5.48753 1.05494 2.9674 0.0549653 3.65691 1.11936 3.21309 3.28554 1.5686 8.04771 15.4132 7.68284 9.73922 3.7568 10.5803 19.9831 31.5497 38.4249 76.0046 75.9951 128.375 187.708 242.035 300.345 368.946 388.409 433.361 470.403 507.043 505.643 494.124 541.469 491.667 480.524 483.778 518.376 518.223 490.063 539.419 486.394 470.567 479.304 465.59 455.463 397.399 308.426 332.714 247.399 173.785 134.675 83.0675 49.5954 38.4331 24.844 15.0146 8.38214 7.91307 9.06938 10.7878 3.08628 9.383 6.45064 4.6978 1.74614 0.0363439 3.1048 3.05014 9.51828 1.93003 2.25031 1.87262 3.97344 1.5257 0 1.11893 2.34178 3.9715 2.81364 0 0 0 3.79071 0 0 0
2.46747 0 0 0.968878 0 1.50187 0.828493 0.0659231 0 0.817892 1.76035 0.289739 0.93355 0.999476 1.0039 4.32695 1.88708 0.35079 2.43308 1.08721 1.4591 4.17773 1.44632 4.41451 13.5367 5.27396 9.1552 8.12854 3.9406 15.9864 15.9516 39.7412 42.9422 72.1116 80.7208 125.524 190.407 236.539 271.762 380.827 405.742 437.458 477.402 506.416 517.531 514.119 560.081 511.3 479.857 481.763 539.661 535.564 462.706 535.58 515.419 487.692 498.599 474.936 467.258 386.067 303.603 338.693 257.812 173.838 132.588 92.9616 56.5274 39.7873 27.4799 21.8674 9.05057 6.54392 4.33305 9.81276 6.88065 4.42279 4.34169 8.0396 4.82882 0.831348 2.25719 2.39463 4.00785 3.02151 0.910322 1.47302 3.85909 4.45754 0 0.789837 1.32514 3.18797 1.64089 2.93211 0 0 0 0 0 0
0.0271445 0 0 0.931816 0 0.107755 0 0 0.211148 2.12077 0 0.77361 0.157077 1.18619 2.57998 2.04127 2.36899 0 3.80053 1.46116 1.26396 4.12175 2.17655 4.36863 8.5139 7.7345 9.35585 7.54261 3.47085 14.1198 18.5021 34.3523 51.4434 73.4242 90.2094 131.615 201.866 232.351 278.935 360.243 397.755 442.696 500.154 508.521 526.194 483.574 587.927 548.879 499.414 494.237 555.237 561.548 471.416 540.754 523.371 495.552 507.556 477.164 470.142 400.417 311.544 348.56 246.036 176.324 139.23 97.0996 60.5715 39.2421 31.561 20.4526 12.6707 12.132 3.21845 10.3028 9.84303 1.44837 10.0651 6.34081 3.40303 4.97755 0.354439 2.61404 2.52858 2.92524 2.45998 1.50349 1.9964 2.39038 2.57222 1.95799 0 3.52577 0.848 3.23724 4.95866 0 0 0 0.0464289 0
0 0 0.884868 0.336192 0 0 0 0.704975 1.2582 1.00868 0 1.18939 0 1.30483 3.76692 2.77523 1.63869 1.92005 3.87064 0.297145 1.89674 3.57943 2.79402 3.15633 11.3343 9.02815 7.74024 4.91627 6.35779 14.1305 22.9921 43.4198 56.7456 78.907 100.034 140.42 207.72 236.234 278.626 373.794 412.334 454.277 504.529 507.811 536.207 494.625 569.525 543.025 522.525 496.51 538.215 573.908 494.277 547.199 552.484 512.629 502.254 487.33 456.598 417.74 326.736 361.109 250.935 165.336 151.102 95.5901 56.5483 44.4395 30.6619 26.8939 11.9198 9.28945 3.35104 5.5306 12.9604 5.0612 5.91426 3.38975 2.52293 4.98554 7.07721 1.83292 1.15123 1.05821 4.15266 0.980942 0.641226 1.17178 3.1647 0.993707 0.740662 0.472972 2.15625 0.180439 0.573595 0.393599 0 0 0 0
0 0 1.11107 0 0 0 0 1.39923 0.774055 2.27984 0 1.0985 0 2.9617 2.29231 2.25686 2.20892 2.67729 3.27304 0.598388 1.06167 2.52265 3.34722 7.38705 11.3037 4.91646 6.31052 5.23 8.21902 17.1027 26.589 40.8611 60.5928 78.7292 99.5441 157.982 203.432 247.161 274.546 373.89 420.197 469.976 517.166 530.949 555.369 524.812 574.52 534.314 529.635 501.111 560.028 543.685 513.814 557.312 558.23 528.456 513.205 489.574 458.029 424.991 356.098 373.031 259.346 176.191 149.546 90.5822 57.3912 36.6251 36.5244 27.4056 14.638 11.3108 5.95991 5.96376 14.1799 5.88995 5.39625 2.1011 3.9248 3.02208 5.05401 1.17613 0 0.15804 3.54422 1.64523 0 0.992347 1.50773 2.98612 0.750993 0 1.09418 1.17145 1.22913 1.00216 0 0 0 0
0 0 1.18431 0 0 0 1.21026 0 1.0648 0.848358 1.17797 0 0.974348 4.89237 1.23143 3.75352 3.01832 2.55619 3.04294 2.96364 2.47084 2.85739 4.29499 5.9381 8.97792 7.14004 4.88503 4.49438 16.0343 12.1099 33.5651 44.0693 62.3353 80.6992 98.3274 147.391 203.683 238.782 303.79 374.678 418.395 478.867 526.491 540.086 545.515 538.971 570.092 567.396 526.959 522.118 565.94 576.601 536.237 580.152 570.416 554.88 534.112 531.634 467.092 431.627 368.533 368.123 256.007 178.854 176.796 95.1228 56.5819 41.7375 37.9374 29.0111 18.4361 11.0003 7.96322 4.38255 9.9697 8.05193 4.34731 1.79829 3.03821 1.7475 4.63635 3.66883 2.10598 0.822794 0.224642 4.55591 0 1.07026 0 3.75396 1.07019 0 0.417724 2.74979 0.754794 1.77445 0 0 0 0
0 0.422673 0.730822 0 0 0 1.95883 0 2.06126 0.574388 1.0541 0 1.19288 5.9121 3.16239 3.66793 2.14014 3.27811 4.48298 3.68881 2.87058 4.97624 1.62321 9.74506 8.42751 5.31599 5.18256 5.56527 14.4907 18.4915 29.5771 41.4724 59.7475 80.3383 107.034 155.189 214.718 246.582 326.564 363.92 430.596 492.922 532.134 536.199 566.808 543.873 594.287 560.597 549.47 539.616 569.221 600.947 568.383 619.607 584.094 579.964 515.141 553.932 479.04 430.976 353.681 361.814 284.711 205.456 163.201 100.022 59.8732 49.8662 39.3599 26.5432 24.7214 15.6459 7.15477 6.2181 7.87224 9.1829 4.77272 4.33057 2.23999 2.75331 2.38882 3.05707 3.98375 2.42403 0 3.16623 2.5981 0.423509 0 1.15649 2.31137 0 0 0 2.24269 1.13123 1.20896 0 0 0
0 1.56867 0 0 0.735167 3.18538 1.1021 0.248368 1.00873 1.94225 0 0 0 4.03842 3.54817 6.85442 1.1789 3.48016 6.28427 1.71501 6.71455 2.51766 4.83525 7.63576 4.80755 3.50607 3.91183 14.3135 15.1559 20.4829 25.6396 48.9888 60.7552 84.8159 106.17 163.497 208.524 263.154 322.61 377.736 450.368 496.119 544.272 538.318 572.811 559.958 598.927 581.08 559.919 543.613 587.741 603.824 579.778 621.113 577.367 584.68 513.32 569.412 482.424 436.436 358.954 354.405 283.902 200.137 167.061 104.489 49.1657 53.0659 42.5065 26.4098 24.6553 10.7217 12.0075 10.4873 6.58273 10.0756 6.75925 7.16219 2.65144 2.63511 2.45319 1.97336 3.116 4.55656 0 1.02652 3.79781 1.89135 0 0 2.46487 1.47525 0 0 2.66836 0.925609 1.4042 0 0 0
0 1.32882 0 0 3.08176 2.65402 0 1.46321 1.35752 0.674813 0 0 0.420916 3.66598 8.12556 4.10317 4.98341 3.22387 5.50873 2.88352 3.83028 0.493401 6.3539 6.97679 2.55221 4.11491 2.93914 11.0182 19.6065 15.2493 24.845 55.353 69.8099 82.3988 113.453 161.512 205.858 276.371 335.718 383.467 467.741 498.156 538.872 561.764 570.275 586.773 633.235 637.677 577.505 568.453 604.067 623.114 596.824 595.673 598.178 619.776 565.27 560.961 496.053 448.021 362.236 360.234 296.292 217.133 152.817 101.401 52.8343 54.3674 43.9278 31.487 24.0012 12.3576 8.41339 6.68806 6.42162 6.02484 7.05617 6.07634 6.39439 1.32471 2.888 4.63473 1.34464 4.44159 3.45415 0 3.35621 5.86199 0 1.24123 0.934062 3.00535 0 0 1.12 3.45243 3.20115 0 0 0
0.527604 1.12647 0 0 3.02436 1.71583 0 1.90469 2.92858 0 0 0 2.73544 2.41234 2.37928 6.70654 2.17685 5.09511 1.65854 4.08352 2.38707 0.710372 5.60447 6.69441 5.19843 3.33316 3.65472 16.4011 13.2299 14.4911 29.3438 47.0566 74.4307 73.5163 121.596 173.175 228.034 283.988 343.484 400.112 464.811 518.71 539.583 602.74 576.128 589.845 682.367 638.029 596.183 625.228 610.839 632.299 624.803 624.54 607.396 606.809 585.263 568.528 499.117 463.892 369.014 370.101 294.385 233.408 152.033 119.026 54.1826 52.6445 48.4995 26.7102 25.1209 9.71533 5.38472 8.27352 5.52867 4.22495 9.10534 5.98707 5.20293 5.41274 3.31724 7.11551 1.62032 3.42271 4.72046 3.27807 1.69736 2.64814 2.43618 1.19859 0.346517 3.54732 1.6141 0 0 3.63501 3.53244 1.10336 0 0
1.69001 0 0 1.16346 2.59548 0.345161 1.93509 3.14666 0.979604 0 0 1.63786 2.7392 1.41505 3.61788 6.85802 3.35664 4.87757 1.52972 4.18503 1.79468 7.00179 7.70433 12.1356 5.66461 3.35906 11.4359 14.595 14.5242 15.1862 37.9978 64.713 61.8718 80.9806 128.027 187.282 225.632 283.987 346.188 411.392 463.247 540.443 539.424 618.442 614.401 608.9 657.567 623.669 605.875 638.466 628.953 655.051 635.966 648.633 620.912 609.956 587.111 565.374 510.929 467.159 373.726 387.617 287.752 253.671 165.767 114.762 61.3538 58.8364 51.3389 33.0946 20.9421 15.4733 4.0722 9.32041 6.55395 6.96922 8.10999 6.97139 6.85255 7.86778 3.65002 5.20801 5.55578 1.25111 3.78958 3.44879 5.51757 0 4.15327 0 1.96412 1.0867 5.07499 1.96472 0 1.30308 3.54956 3.11688 0 0
1.63179 0 0 0 2.56258 0 3.14082 5.97206 0 0 1.10051 3.61075 0.519341 1.09335 8.53444 0.401309 3.22308 1.52059 2.67348 4.91351 3.2673 4.83721 6.8986 5.64703 4.49372 5.49042 11.692 15.6497 8.74787 20.8379 39.7599 53.7874 55.9684 86.661 125.455 198.076 216.14 309.6 354.208 416.856 494.153 548.52 529.824 635.886 638.834 624.419 663.572 623.582 648.325 676.251 660.125 645.502 635.131 672.491 653.746 625.753 611.522 589.819 529.142 460.062 397.705 410.915 292.341 255.981 157.977 124.512 66.4335 71.3992 48.1154 37.9784 22.3425 18.788 12.111 6.33295 8.38265 10.6553 11.4101 8.96126 8.69446 8.23136 5.31945 3.72682 8.42125 2.28553 3.85295 2.69841 2.46547 2.44531 3.51557 1.51351 1.8296 0 2.45529 2.36578 4.45553 0 3.26466 4.17146 0 0
2.42277 0 0 1.46767 4.21164 0.868705 5.8733 1.13619 0 1.06983 3.14268 0.309998 1.50091 0.29904 4.57904 2.45077 2.54257 5.06756 3.15075 8.26652 6.50768 4.58309 7.12443 4.32547 4.24342 12.0295 16.2772 15.8633 14.2513 24.6309 42.6845 55.3009 60.1078 93.4561 130.871 194.352 231.475 311.563 352.604 411.436 484.673 575.985 564.203 640.173 683.46 644.376 692.586 625.591 635.999 723.96 688.668 665.884 652.071 687.346 683.112 632.737 630.678 602.691 566.461 480.534 410.028 401.598 301.375 275.727 157.113 124.165 80.6214 65.1201 49.159 33.477 25.2234 17.0879 15.1822 8.54989 8.01712 13.2726 4.64508 9.26456 12.9988 6.47226 5.14888 4.72431 5.47542 8.9078 3.62241 1.14265 0.498639 0 1.99207 3.10076 0 2.25019 0 3.76058 2.32884 3.79563 0.46159 4.98583 1.14045 0
2.94709 0 0 3.34963 1.31632 1.26085 2.06346 0 0 2.84096 0.910853 0.308289 1.22484 4.79019 4.35253 1.57737 4.11028 4.06149 3.3525 9.18009 6.19621 3.28073 4.24987 4.988 3.71242 17.5771 17.0971 9.82261 24.7289 28.5746 41.8177 68.0114 61.0307 112.162 130.976 204.682 221.757 317.4 379.925 416.878 522.239 579.161 602.974 665.549 699.911 666.984 722.546 664.033 655.111 763.529 729.603 724.035 697.584 710.862 720.529 674.37 661.28 607.606 582.976 509.016 427.209 406.068 315.831 264.209 170.855 131.408 86.8254 72.6068 48.6435 40.9725 28.7838 18.5566 16.2944 8.07534 7.72155 7.50037 9.70646 7.75774 8.27232 9.79877 4.03863 4.48155 10.6567 4.19674 5.90382 1.04918 0 0.552488 2.68797 1.86009 0 2.90883 0 1.80964 4.81026 3.71644 0 0 2.4683 0
0 0 0.93139 3.15836 0 3.12231 1.18051 0 0 5.68519 1.82028 2.66292 0 4.52782 0.0709392 0.481369 1.14669 7.29251 10.5771 8.40725 4.24903 3.97106 2.42033 9.04376 10.9185 20.6999 14.1464 11.1913 25.8101 27.2816 46.3743 57.9695 69.0805 118.962 138.821 226.249 226.381 325.726 398.063 472.095 531.848 585.808 671.32 673.95 754.083 711.902 737.062 731.799 714.342 801.793 770.264 730.75 717.178 729.681 737.887 681.566 707.819 596.232 584.298 554.73 453.633 416.859 321.866 275.053 187.977 156.23 97.8352 85.8293 55.3275 35.7259 31.4674 17.535 14.1119 10.3778 5.77046 8.45856 8.61407 7.99756 4.95007 10.4159 10.2427 4.11847 7.36474 7.28995 2.5394 8.52652 0 0 5.26471 6.40941 0 0 0 3.20494 1.08382 1.93507 0 0 0.0329245 0
0 0 2.14211 1.12961 0 4.26173 0 0 5.14066 4.47483 7.01284 3.40745 2.8012 1.51273 0 0 3.76164 1.96688 15.2777 5.22982 2.60891 5.22828 1.54898 10.718 15.1234 14.3731 18.5251 11.0064 28.9433 28.3312 48.9625 58.7811 82.7339 121.279 163.747 246.65 246.179 359.389 392.858 506.443 591.469 640.09 664.811 711.873 772.837 766.772 785.352 746.077 779.165 831.376 791.245 816.209 800.608 761.928 819.838 720.086 753.925 630.733 642.351 571.637 484.739 445.5 341.119 296.515 192.501 171.089 117.492 91.9914 66.5079 41.4193 31.0137 24.272 17.8195 7.89991 9.38743 8.19502 8.06525 12.9195 10.3513 6.81436 6.98441 11.6547 3.03711 7.47752 0.709434 6.6384 0 1.17485 0 4.54396 5.7346 0 0.797612 4.98208 1.48024 2.08213 0 0 0.019578 0
0.018583 2.04332 0 1.21063 0.920844 5.3501 2.86822 0 7.13224 0 2.41511 0 6.63848 1.72954 0 0.428604 5.57694 10.0013 9.60727 2.84025 5.0177 11.4914 8.07803 5.99846 18.5674 16.1962 18.639 21.423 26.0565 25.7533 51.8984 63.6955 100.35 125.339 171.422 257.304 259.843 390.273 417.842 541.462 654.614 646.706 729.438 726.256 852.799 785.541 884.326 837.187 832.127 871.193 893.008 898.413 849.235 832.567 880.725 808.119 799.38 636.878 700.121 593.837 502.104 478.312 362.68 304.682 199.019 173.23 142.398 91.8959 68.5298 49.1672 29.1386 25.077 15.7715 11.2593 10.5923 13.3228 10.9373 6.47683 12.3888 9.00977 8.11042 6.76656 4.39733 2.3203 1.75961 8.41471 0 0.729587 1.28904 0 1.95158 0 0.702735 2.27761 0 3.97 0 0 0 0
0 2.1843 0.541037 0.797367 0 4.93403 0 0 8.11562 1.70412 2.57323 0 0 2.23783 0 2.43316 2.69745 19.9168 10.8795 0.9331 11.0776 5.71873 13.3343 10.6055 12.4192 7.14234 18.4141 20.6488 31.0208 24.809 56.4176 90.0137 94.5424 131.499 196.158 284.475 274.317 412.104 454.161 577.681 726.464 697.029 737.616 784.785 896.962 867.924 956.256 936.632 888.968 957.03 940.844 932.856 987.898 900.186 958.66 888.663 858.999 735.882 738.137 626.47 525.552 508.498 374.133 319.101 224.393 166.176 156.982 80.8154 93.1114 53.6146 28.6647 25.3033 9.12467 27.4841 13.5268 5.91749 17.0619 11.3594 18.0401 10.8789 5.94196 6.66499 7.45066 2.13256 0.473593 3.36001 0 0.918515 2.31924 0 0.582948 0 0 0.196939 0 2.50272 2.96724 0 0 0
1.21034 1.57054 1.65236 0 0 0.295474 0 3.15735 0 3.60582 0.151023 0 0.488153 0.442019 0 1.67038 3.65955 9.41474 8.5394 2.21958 1.72373 9.13304 12.5363 8.42645 12.4543 10.229 26.3444 22.1013 22.4751 31.1939 64.192 74.6508 111.236 149.023 202.391 277.713 309.658 431.532 524.572 631.537 742.75 792.144 787.59 868.171 976.591 954.933 1092.86 1037.68 982.315 1095.23 1050.06 1073.65 1129.3 996.619 1041.01 972.892 947.241 817.106 824.207 711.444 585.539 586.43 399.166 342.745 265.688 211.627 151.577 90.2567 86.2036 68.2699 47.4314 22.0737 13.0352 14.2049 21.2432 6.13094 11.7191 19.8701 12.514 14.7361 13.9142 7.09745 10.0591 0.94136 2.83502 2.59062 1.02812 0.702508 2.49096 2.23527 3.76879 0 0 0 0 0 7.61287 0 0 0
6.38542 0 1.15147 0 0 0 0 2.69458 0 1.15353 4.56789 0 0 0 0 1.74258 6.05438 3.99623 1.88511 2.12223 0 6.39531 5.67266 14.9363 10.1501 11.8286 31.7213 30.4288 23.9379 35.6112 76.1881 85.1748 136.984 166.211 225.75 294.752 384.268 487.997 572.023 772.907 812.371 865.61 887.351 985.556 1101.22 1080.63 1203.72 1092.07 1111.39 1245.88 1206.83 1159.64 1300.66 1128.58 1171.08 1060.62 1108.61 929.528 891.761 780.582 647.854 650.311 449.583 388.871 276.854 203.402 142.876 97.0067 81.2808 78.0648 65.432 31.433 7.54082 14.6672 10.1013 11.5045 14.9834 19.5949 11.8638 8.97459 3.04463 4.96181 7.37781 7.01582 6.17824 0.0320653 5.04611 4.46742 2.47122 2.67839 3.56169 0 0 0 0 0 8.61425 0 0 0
0 0 1.56053 0 0 0 0 4.61733 0 2.42753 0 0 0 0 0 2.01104 12.4942 2.77033 2.33731 0.992289 3.85548 3.8142 10.2148 9.62819 6.65218 21.7181 28.3714 29.8374 32.9314 48.8212 69.2753 82.7868 145.932 184.574 250.194 327.768 437.24 481.518 636.813 847.259 889.324 998.59 1052.91 1128.54 1203.7 1252.73 1287.19 1221.45 1255.68 1346.44 1327.75 1269.43 1402.28 1281.03 1343.59 1219.1 1241.16 1051.18 1003.26 843.054 697.216 732.62 522.007 450.351 282.436 245.314 160.917 110.195 71.8687 84.2869 62.8099 30.1836 7.79 18.2929 14.2277 17.9326 8.64817 9.71647 3.78342 5.44552 5.18963 5.44577 13.8945 5.47728 0 0.0411227 3.45619 4.10116 1.99242 0 0 0 0 0 0 0 0 0 0 0
0 0 0.829537 0 0 0 0 0 0 2.5872 0 0 0 0 0 2.30715 0 4.10625 3.18199 0 0 4.92272 10.0015 0.630658 6.384 27.5197 26.0677 34.888 28.7076 52.138 78.3742 90.653 146.726 219.047 254.638 332.393 433.859 500.251 737.683 858.867 922.526 1016.91 1112.58 1173.6 1236.69 1283.29 1298.12 1316.07 1252.33 1333.43 1319.37 1472.87 1438.02 1239.71 1348 1204.88 1226.44 1079.2 1012.31 921.496 768.335 734.562 524.857 513.978 345.222 272.447 157.475 135.17 77.5567 82.7693 50.6521 38.849 16.2326 5.35435 10.8891 14.6103 4.56382 8.25831 4.06023 2.77585 5.54466 8.07314 2.35928 9.11045 0 0 5.64887 0 4.0866 0 0 0 0 0 0 0 0 0 0 0
0 0 0 0 0 0 0 0 0 3.68523 0 0 0 0 1.9466 1.09558 0 3.37388 3.40499 0 0 6.9737 4.57692 0 2.96268 18.6048 21.5207 30.1471 18.5724 36.716 74.6538 105.794 149.045 224.443 227.191 343.133 415.854 545.354 711.753 796.559 904.671 985.709 1132.22 1067.68 1122.93 1137.44 1103.33 1106.44 1124.73 1195.46 1136.25 1153.55 1360.9 1130.95 1270.97 1078.02 1153.84 1007.76 881.517 803.216 753.627 791.323 523.991 473.495 374.63 256.323 161.166 136.634 77.0158 94.1904 49.9918 19.4402 21.1367 1.26964 5.8687 9.42199 3.64083 6.07915 6.50514 0 6.00549 0 4.0331 1.93008 0 0 0.226343 0 4.19818 0 0 0 0 0 0 0 0 0 0 0
0 0 0 0 0 0 0 0 0 3.85226 0 0 0 0 5.42064 0 0 4.94561 0 0 0 2.03646 0 0 2.41368 11.4805 30.0168 33.536 16.7647 46.82 71.5755 123.258 146.357 195.646 186.399 316.29 379.691 500.673 645.927 656.975 665.858 770.722 857.145 820.793 817.917 816.242 774.367 810.994 832.547 876.174 750.152 889.962 917.635 848.547 931.97 825.971 949.493 763.889 678.538 661.615 577.901 665.16 445.164 388.654 329.156 246.556 155.922 143.941 92.5259 99.1289 36.9594 27.5704 12.1571 7.4916 8.95691 7.56265 10.9022 0 9.78075 0 0 0 4.89223 1.465 0 0 0 0 0 0 0 0 0 0 0 0 0 0 0 0
0 0 0 0 0 0 0 0 0 0 0 0 0 0 0 0 0 0 0 0 0 0 0 0 9.38041 1.79592 28.059 13.996 14.3171 33.951 70.3003 84.1277 120.019 171.295 158.486 281.391 336.353 382.043 466.938 504.703 523.657 545.086 523.169 491.896 537.204 536.929 410.783 503.227 453.949 430.759 463.165 492.867 529.883 502.419 548.56 606.987 623.958 482.483 542.36 475.256 408.783 498.977 318.361 310.358 244.124 217.117 149.848 134.441 75.282 66.4527 21.9474 12.9908 13.376 5.919 0 6.37239 11.7679 0 0 0.0820573 0 0 5.72906 2.50617 0 0 0 0 0 0 0 0 0 0 0 0 0 0 0 0
0 0 0 0 0 0 0 0 0 0 0 0.0983477 0 0 0 0 0 5.45183 0 0 0 0 0 0 6.08165 0 7.7215 13.675 11.3761 18.0083 72.9072 58.9427 86.525 74.3305 146.404 219.026 229.326 225.631 334.443 317.127 269.042 290.345 303.359 265.668 243.085 215.475 221.772 281.605 217.475 168.187 194.202 227.999 248.156 195.638 289.167 271.751 330.598 265.2 290.943 266.346 207.96 300.664 230.712 190.276 125.251 116.181 79.6152 63.1754 63.6912 38.8584 14.7211 3.97274 8.29009 5.01686 0 0 13.6537 0 0 0 0 0 0 2.4547 0 0 0 0 0 0 0 0 0 0 0 0 0 0 0 0
0 0 0 0 0 0 0 0 0 0 0 0 0 0 0 0 0 0 0 0 0 0 0 0 0 0 0 17.1256 3.05941 18.9434 24.0951 17.5056 22.557 47.071 97.3919 104.176 76.6312 102.079 140.003 139.869 79.576 134.508 165.774 81.4462 72.6893 84.8607 68.806 81.7092 49.4878 39.9273 88.1223 75.4089 52.6747 70.0395 89.2722 111.648 134.881 127.199 163.069 111.047 118.95 152.98 132.34 122.643 81.6875 76.6078 36.1285 19.8392 21.5032 8.50365 0 3.68729 10.1401 0 0 0 4.87512 0 0 0 0 0 0 3.33875 0 0 0 0 0 0 0 0 0 0 0 0 0 0 0 0
0 0 0 0 0 0 0 0 0 0 0 0.311391 0 0 0 0 0 0 0 0 0 0 0 0 0 0 3.14489 6.97154 5.88 8.48614 4.22268 10.8399 8.23736 17.3841 26.9048 33.8336 14.6081 56.2493 38.1602 45.8617 32.5539 47.38 25.8 25.2208 23.4498 38.4124 16.2597 16.9523 16.4003 9.29414 13.0151 24.4492 0 36.6637 17.7037 24.6035 64.4806 60.5934 43.7272 44.823 35.2973 59.6369 61.8503 43.99 28.3793 32.4428 36.7367 2.75471 4.09464 0 8.76942 3.83156 0 0 0 0 0 0 0 0 0 0 0 4.7404 0 0 0 0 0 0 0 0 0 0 0 0 0 0 0 0
0 0 0 0 0 0 0 0 0 0 0 1.51805 0 0 0 0 0 0 0 0 0 0 0 0 0 0 2.03374 0 0 0 0 0 0 7.87986 35.7722 8.23605 8.30718 18.983 14.9038 24.9696 3.62827 6.73468 3.64811 9.66277 5.40106 7.08269 0.871492 0 5.86932 0 0.0630206 0 0 0 0 0 8.95763 3.85211 18.1735 20.5857 8.85579 2.65254 33.157 14.9931 2.23424 12.0377 7.91683 0 2.78149 0 0 3.54207 0 0 0 0 0 0 0 0 0 0 0 0 0 0 0 0 0 0 0 0 0 0 0 0 0 0 0 0
0 0 0 0 0 0 0 0 0 0 0 1.88942 0 0 0 0 0 0 0 0 0 0 0 0 0 0 0 0 0 5.13366 0 0 0 0 7.44306 0 0 0 0 4.13863 0 0 0 6.09188 0 0 0 0 0 0 0 0 0 0 0 2.81716 1.98574 3.18338 4.11744 2.94501 0 0 1.37609 11.1566 0 0 0 0 0 0 0 0 0 0 0 0 0 0 0 0 0 0 0 0 0 0 0 0 0 0 0 0 0 0 0 0 0 0 0 0
0 0 0 0 0 0 0 0 0 0 0 2.28644 0 0 0 0 0 0 0 0 0 0 0 0 0 0 0 0 0 0.0260453 0 0 0 0 0 0 0 0 0 0 0 0 0 0 0 0 0 0 0 0 0 0 0 0 0 0 0 0 0 5.84137 0 0 0 5.16445 0 0 0 0 0 0 0 0 0 0 0 0 0 0 0 0 0 0 0 0 0 0 0 0 0 0 0 0 0 0 0 0 0 0 0 0
0 0 0 0 0 0 0 0 0 0 1.03035 0.831548 0 0 0 0 0 0 0.299183 0 0 0 0 0 0 0 0 0 0 0 0 0 0 0 0 0 0 0 0 0 0 0 0 0 0 0 0 0 0 0 0 0 0 0 0 0 0 0 0 0 0 0 0 1.11588 0 0 0 0 0 0 0 0 0 0 0 0 0 0 0 0.0355672 0.0389917 0 0 0 0 0 0 0 0 0 0 0 0 0 0 0 0 0 0 0
0 0 0 0 0 0 0 4.4667 0 0 3.39285 0.0059257 0.0564373 0 0 0 0 0 0 0 0 0 0 0 0 0 0 0 0 0 0 0 0 0 0 0 0 0 0 0 0 0 0 0 0 0 0 0 0 0 0 0 0 0 0 0 0 0 0 0 0 0 0 0 0 0 0 0 0 0 0 0 0 0 0 0 0 0 0 0 0 0 0 0 0 0 0 0 0 0 0 0 0 0 0 0 0 0 0 0
0 0 0 0 0 0 0 0 0 0 1.92352 0 0 0 0 0 0 0 0 0 0 0 0 0 0.038748 0.0530374 0 0 0 0 0 0 0 0 0 0 0 0 0 0 0 0 0 0 0 0 0 0 0 0 0 0 0 0 0 0 0 0 0 0 0 0 0 0 0 0 0 0 0 0 0 0 0 0 0 0 0 0 0 0 0 0 0 0 0 0 0 0 0 0 0 0 0 0 0 0 0 0 0 0
0 0 0 0 0 0 0 0 0 0 0 0 0 0 0 0 0 0 0 0 0 0 0.0449049 0.300064 0.0926927 0 0 0 0 0 0 0 0 0 0 0 0 0 0 0 0 0 0 0 0 0 0 0 0 0 0 0 0 0 0 0 0 0 0 0 0 0 0 0 0 0 0 0 0 0 0 0 0 0 0 0 0 0 0 0 0 0 0 0 0 0 0 0 0 0 0 0 0 0 0 0 0 0 0 0
0 0 0 0 0 0 0 0 0 0 0 0 0 0 0 0 0 0 0 0 0 0 0 0 0 0 0 0 0 0 0 0 0 0 0 0 0 0 0 0 0 0 0 0 0 0 0 0 0 0 0 0 0 0 0 0 0 0 0 0 0 0 0 0 0 0 0 0 0 0 0 0 0 0 0 0 0 0 0 0 0 0 0 0 0 0 0 0 0 0 0 0 0 0 0 0 0 0 0 0
0 0 0 0 0 0 0 0 0 0 0 0 0 0 0 0 0 0 0 0 0 0 0 0 0 0 0 0 0 0 0 0 0 0 0 0 0 0 0 0 0 0 0 0 0 0 0 0 0 0 0 0 0 0 0 0 0 0 0 0 0 0 0 0 0 0 0 0 0 0 0 0 0 0 0 0 0 0 0 0 0 0 0 0 0 0 0 0 0 0 0 0 0 0 0 0 0 0 0 0
0 0 0 0 0 0 0 0 0 0 0 0 0 0 0 0 0 0 0 0 0 0 0 0 0 0 0 0 0 0 0 0 0 0 0 0 0 0 0 0 0 0 0 0 0 0 0 0 0 0 0 0 0 0 0 0 0 0 0 0 0 0 0 0 0 0 0 0 0 0 0 0 0 0 0 0 0 0 0 0 0 0 0 0 0 0 0 0 0 0 0 0 0 0 0 0 0 0 0 0
0 0 0 0 0 0 0 0 0 0 0 0 0 0 0 0 0 0 0 0 0 0 0 0 0 0 0 0 0 0 0 0 0 0 0 0 0 0 0 0 0 0 0 0 0 0 0 0 0 0 0 0 0 0 0 0 0 0 0 0 0 0 0 0 0 0 0 0 0 0 0 0 0 0 0 0 0 0 0 0 0 0 0 0 0 0 0 0 0 0 0 0 0 0 0 0 0 0 0 0
0 0 0 0 0 0 0 0 0 0 0 0 0 0 0 0 0 0 0 0 0 0 0 0 0 0 0 0 0 0 0 0 0 0 0 0 0 0 0 0 0 0 0 0 0 0 0 0 0 0 0 0 0 0 0 0 0 0 0 0 0 0 0 0 0 0 0 0 0 0 0 0 0 0 0 0 0 0 0 0 0 0 0 0 0 0 0 0 0 0 0 0 0 0 0 0 0 0 0 0
0 0 0 0 0 0 0 0 0 0 0 0 0 0 0 0 0 0 0 0 0 0 0 0 0 0 0 0 0 0 0 0 0 0 0 0 0 0 0 0 0 0 0 0 0 0 0 0 0 0 0 0 0 0 0 0 0 0 0 0 0 0 0 0 0 0 0 0 0 0 0 0 0 0 0 0 0 0 0 0 0 0 0 0 0 0 0 0 0 0 0 0 0 0 0 0 0 0 0 0
0 0 0 0 0 0 0 0 0 0 0 0 0 0 0 0 0 0 0 0 0 0 0 0 0 0 0 0 0 0 0 0 0 0 0 0 0 0 0 0 0 0 0 0 0 0 0 0 0 0 0 0 0 0 0 0 0 0 0 0 0 0 0 0 0 0 0 0 0 0 0 0 0 0 0 0 0 0 0 0 0 0 0 0 0 0 0 0 0 0 0 0 0 0 0 0 0 0 0 0
0 0 0 0 0 0 0 0 0 0 0 0 0 0 0 0 0 0 0 0 0 0 0 0 0 0 0 0 0 0 0 0 0 0 0 0 0 0 0 0 0 0 0 0 0 0 0 0 0 0 0 0 0 0 0 0 0 0 0 0 0 0 0 0 0 0 0 0 0 0 0 0 0 0 0 0 0 0 0 0 0 0 0 0 0 0 0 0 0 0 0 0 0 0 0 0 0 0 0 0
0 0 0 0 0 0 0 0 0 0 0 0 0 0 0 0 0 0 0 0 0 0 0 0 0 0 0 0 0 0 0 0 0 0 0 0 0 0 0 0 0 0 0 0 0 0 0 0 0 0 0 0 0 0 0 0 0 0 0 0 0 0 0 0 0 0 0 0 0 0 0 0 0 0 0 0 0 0 0 0 0 0 0 0 0 0 0 0 0 0 0 0 0 0 0 0 0 0 0 0
0 0 0 0 0 0 0 0 0 0 0 0 0 0 0 0 0 0 0 0 0 0 0 0 0 0 0 0 0 0 0 0 0 0 0 0 0 0 0 0 0 0 0 0 0 0 0 0 0 0 0 0 0 0 0 0 0 0 0 0 0 0 0 0 0 0 0 0 0 0 0 0 0 0 0 0 0 0 0 0 0 0 0 0 0 0 0 0 0 0 0 0 0 0 0 0 0 0 0 0
0 0 0 0 0 0 0 0 0 0 0 0 0 0 0 0 0 0 0 0 0 0 0 0 0 0 0 0 0 0 0 0 0 0 0 0 0 0 0 0 0 0 0 0 0 0 0 0 0 0 0 0 0 0 0 0 0 0 0 0 0 0 0 0 0 0 0 0 0 0 0 0 0 0 0 0 0 0 0 0 0 0 0 0 0 0 0 0 0 0 0 0 0 0 0 0 0 0 0 0
0 0 0 0 0 0 0 0 0 0 0 0 0 0 0 0 0 0 0 0 0 0 0 0 0 0 0 0 0 0 0 0 0 0 0 0 0 0 0 0 0 0 0 0 0 0 0 0 0 0 0 0 0 0 0 0 0 0 0 0 0 0 0 0 0 0 0 0 0 0 0 0 0 0 0 0 0 0 0 0 0 0 0 0 0 0 0 0 0 0 0 0 0 0 0 0 0 0 0 0
0 0 0 0 0 0 0 0 0 0 0 0 0 0 0 0 0 0 0 0 0 0 0 0 0 0 0 0 0 0 0 0 0 0 0 0 0 0 0 0 0 0 0 0 0 0 0 0 0 0 0 0 0 0 0 0 0 0 0 0 0 0 0 0 0 0 0 0 0 0 0 0 0 0 0 0 0 0 0 0 0 0 0 0 0 0 0 0 0 0 0 0 0 0 0 0 0 0 0 0
0 0 0 0 0 0 0 0 0 0 0 0 0 0 0 0 0 0 0 0 0 0 0 0 0 0 0 0 0 0 0 0 0 0 0 0 0 0 0 0 0 0 0 0 0 0 0 0 0 0 0 0 0 0 0 0 0 0 0 0 0 0 0 0 0 0 0 0 0 0 0 0 0 0 0 0 0 0 0 0 0 0 0 0 0 0 0 0 0 0 0 0 0 0 0 0 0 0 0 0
0 0 0 0 0 0 0 0 0 0 0 0 0 0 0 0 0 0 0 0 0 0 0 0 0 0 0 0 0 0 0 0 0 0 0 0 0 0 0 0 0 0 0 0 0 0 0 0 0 0 0 0 0 0 0 0 0 0 0 0 0 0 0 0 0 0 0 0 0 0 0 0 0 0 0 0 0 0 0 0 0 0 0 0 0 0 0 0 0 0 0 0 0 0 0 0 0 0 0 0
0 0 0 0 0 0 0 0 0 0 0 0 0 0 0 0 0 0 0 0 0 0 0 0 0 0 0 0 0 0 0 0 0 0 0 0 0 0 0 0 0 0 0 0 0 0 0 0 0 0 0 0 0 0 0 0 0 0 0 0 0 0 0 0 0 0 0 0 0 0 0 0 0 0 0 0 0 0 0 0 0 0 0 0 0 0 0 0 0 0 0 0 0 0 0 0 0 0 0 0
0 0 0 0 0 0 0 0 0 0 0 0 0 0 0 0 0 0 0 0 0 0 0 0 0 0 0 0 0 0 0 0 0 0 0 0 0 0 0 0 0 0 0 0 0 0 0 0 0 0 0 0 0 0 0 0 0 0 0 0 0 0 0 0 0 0 0 0 0 0 0 0 0 0 0 0 0 0 0 0 0 0 0 0 0 0 0 0 0 0 0 0 0 0 0 0 0 0 0 0
0 0 0 0 0 0 0 0 0 0 0 0 0 0 0 0 0 0 0 0 0 0 0 0 0 0 0 0 0 0 0 0 0 0 0 0 0 0 0 0 0 0 0 0 0 0 0 0 0 0 0 0 0 0 0 0 0 0 0 0 0 0 0 0 0 0 0 0 0 0 0 0 0 0 0 0 0 0 0 0 0 0 0 0 0 0 0 0 0 0 0 0 0 0 0 0 0 0 0 0
0 0 0 0 0 0 0 0 0 0 0 0 0 0 0 0 0 0 0 0 0 0 0 0 0 0 0 0 0 0 0 0 0 0 0 0 0 0 0 0 0 0 0 0 0 0 0 0 0 0 0 0 0 0 0 0 0 0 0 0 0 0 0 0 0 0 0 0 0 0 0 0 0 0 0 0 0 0 0 0 0 0 0 0 0 0 0 0 0 0 0 0 0 0 0 0 0 0 0 0
0 0 0 0 0 0 0 0 0 0 0 0 0 0 0 0 0 0 0 0 0 0 0 0 0 0 0 0 0 0 0 0 0 0 0 0 0 0 0 0 0 0 0 0 0 0 0 0 0 0 0 0 0 0 0 0 0 0 0 0 0 0 0 0 0 0 0 0 0 0 0 0 0 0 0 0 0 0 0 0 0 0 0 0 0 0 0 0 0 0 0 0 0 0 0 0 0 0 0 0
0 0 0 0 0 0 0 0 0 0 0 0 0 0 0 0 0 0 0 0 0 0 0 0 0 0 0 0 0 0 0 0 0 0 0 0 0 0 0 0 0 0 0 0 0 0 0 0 0 0 0 0 0 0 0 0 0 0 0 0 0 0 0 0 0 0 0 0 0 0 0 0 0 0 0 0 0 0 0 0 0 0 0 0 0 0 0 0 0 0 0 0 0 0 0 0 0 0 0 0
