#################################### 
# Matrix Size= (40,50,0.275)
# Resol      = (100,100,1)
# VoxelSize  = (0.4,0.5,0.275)
# nbVal      = 10000
#################################### 
0 0 0 0 0 0 0 0 0 0 0 0 0 0 0 0 0 0 0 0 0 0 0 0 0 0 0 0 0 0 0 0 0 0 2.17932e-06 9.74548e-07 2.83373e-06 5.09174e-06 4.70271e-06 6.32189e-06 3.19645e-06 7.01237e-06 1.145e-05 1.78652e-05 7.33327e-06 6.7181e-06 1.05141e-05 1.03576e-05 1.7012e-05 8.18845e-06 1.06815e-05 1.10794e-05 1.55807e-05 9.68704e-06 1.28513e-05 9.45749e-06 1.05343e-05 1.3131e-05 6.0388e-06 1.36468e-05 9.52486e-06 1.04851e-05 1.56684e-06 1.037e-06 0 1.7541e-06 0 0 0 0 0 0 1.59979e-06 0 0 1.56842e-06 0 0 0 0 0 0 0 0 0 0 0 0 0 0 0 0 0 0 0 0 0 0 0 0 
0 0 0 0 0 0 0 0 0 0 0 0 0 0 0 0 0 0 0 0 0 0 0 0 0 0 0 0 0 0 0 0 0 0 3.71045e-06 9.50447e-07 4.10281e-06 6.32829e-06 2.7058e-06 6.93689e-06 3.03075e-06 7.93853e-06 8.09182e-06 1.77043e-05 7.97799e-06 9.80377e-06 1.00286e-05 9.73832e-06 1.71934e-05 8.84263e-06 1.0963e-05 1.19171e-05 1.49127e-05 8.2154e-06 1.40574e-05 8.08213e-06 1.23922e-05 1.44387e-05 8.57311e-06 1.22418e-05 8.74663e-06 1.04114e-05 1.65202e-06 1.74617e-06 0 3.11707e-07 1.67636e-06 0 0 0 0 0 1.86036e-06 9.88761e-07 0 1.61481e-06 0 0 0 0 0 0 0 0 0 0 0 0 0 0 0 0 0 0 0 0 0 0 0 0 
0 0 0 0 0 0 0 0 0 0 0 0 0 0 0 0 0 0 0 0 0 0 0 0 0 0 0 0 0 0 0 0 0 1.04922e-06 2.32977e-06 1.47787e-06 3.57994e-06 5.23553e-06 1.55482e-06 9.90085e-06 2.23489e-06 1.2483e-05 6.40492e-06 1.4819e-05 7.45285e-06 1.20455e-05 9.40702e-06 1.03262e-05 1.30473e-05 7.91581e-06 1.01901e-05 1.01778e-05 1.32185e-05 9.21037e-06 1.37642e-05 7.55413e-06 1.08742e-05 1.54295e-05 8.28783e-06 1.29031e-05 8.17668e-06 6.88589e-06 3.51601e-06 1.70567e-06 0 0 1.24033e-06 0 0 0 0 0 0 0 2.10974e-06 2.09538e-06 0 0 0 0 0 0 0 0 0 0 0 0 0 0 0 0 0 0 0 0 0 0 0 0 
0 0 0 0 0 0 0 0 0 0 0 0 0 0 0 0 0 0 0 0 0 0 0 0 0 0 0 0 0 0 0 0 0 4.50223e-06 0 1.77878e-06 4.65641e-06 3.4853e-06 2.3558e-06 6.3406e-06 3.24943e-06 7.84734e-06 6.49738e-06 1.60925e-05 5.16747e-06 9.96345e-06 1.20181e-05 1.02175e-05 1.35309e-05 9.22845e-06 9.95562e-06 9.71452e-06 1.31613e-05 1.05352e-05 1.31358e-05 7.09841e-06 1.221e-05 1.42224e-05 1.10315e-05 1.5675e-05 5.98734e-06 7.12487e-06 2.88374e-06 1.73488e-06 0 0 1.97124e-06 1.21505e-06 0 0 0 0 0 0 9.49723e-07 2.93235e-06 0 0 0 0 0 0 0 0 0 0 0 0 0 0 0 0 0 0 0 0 0 0 0 0 
0 0 0 0 0 0 0 0 0 0 0 0 0 0 0 0 0 0 0 0 0 0 0 0 0 0 0 0 0 0 0 0 0 1.42062e-06 0 2.7249e-06 6.00901e-06 2.43884e-06 1.22598e-06 6.49393e-06 2.71831e-06 8.50234e-06 6.6526e-06 1.51074e-05 5.81939e-06 1.11672e-05 1.12274e-05 1.25465e-05 1.56202e-05 7.12639e-06 1.28242e-05 9.98866e-06 1.2543e-05 1.22964e-05 1.05803e-05 8.01208e-06 1.27685e-05 1.21057e-05 8.54077e-06 1.70403e-05 5.62574e-06 8.83094e-06 1.76802e-06 1.6022e-06 5.85226e-07 0 1.99442e-06 1.86495e-06 0 0 0 0 0 1.22482e-06 3.92183e-07 2.0006e-06 1.94696e-06 0 0 0 0 0 0 0 0 0 0 0 0 0 0 0 0 0 0 0 0 0 0 0 
0 0 0 0 0 0 0 0 0 0 0 0 0 0 0 0 0 0 0 0 0 0 0 0 0 0 0 0 0 0 0 0 0 6.06054e-07 0 3.52962e-06 3.16188e-06 1.94404e-06 1.99698e-06 6.4648e-06 4.11543e-06 9.84879e-06 7.00153e-06 1.63101e-05 1.88533e-05 1.0884e-05 7.70387e-06 1.21028e-05 1.51347e-05 3.40675e-06 1.80604e-05 7.65103e-06 1.31412e-05 1.57168e-05 1.32891e-05 8.11636e-06 9.73694e-06 1.07036e-05 8.30822e-06 1.47946e-05 4.5886e-06 9.80631e-06 1.83733e-06 2.61111e-06 1.81123e-06 0 1.66626e-06 1.63978e-06 0 0 0 0 0 0 1.81507e-06 0 3.83532e-06 0 0 0 0 0 0 0 0 0 0 0 0 0 0 0 0 0 0 0 0 0 0 0 
0 0 0 0 0 0 0 0 0 0 0 0 0 0 0 0 0 0 0 0 0 0 0 0 0 0 0 0 0 0 0 0 0 0 1.40511e-06 3.45881e-07 3.76414e-06 1.50674e-06 1.48872e-06 8.89066e-06 6.35482e-06 9.99416e-06 8.07192e-06 1.70147e-05 8.69059e-06 1.15969e-05 1.09902e-05 1.21533e-05 1.56192e-05 3.56974e-06 1.79516e-05 6.21512e-06 1.44951e-05 1.66346e-05 1.56271e-05 9.36807e-06 7.95992e-06 1.26787e-05 1.05742e-05 1.16353e-05 5.90881e-06 8.20939e-06 2.69847e-06 3.11314e-06 1.47626e-06 0 3.27953e-07 1.78558e-06 1.34501e-06 0 0 0 0 0 1.80782e-06 0 1.96075e-06 0 0 0 0 0 0 0 0 0 0 0 0 0 0 0 0 0 0 0 0 0 0 0 
0 0 0 0 0 0 0 0 0 0 0 0 0 0 0 0 0 0 0 0 0 0 0 0 0 0 0 0 0 0 0 0 0 0 1.64544e-06 0 2.90621e-06 1.9545e-06 1.94632e-06 9.7104e-06 5.96121e-06 8.45021e-06 1.01411e-05 1.52058e-05 1.01928e-05 1.36297e-05 9.3995e-06 1.06247e-05 1.66116e-05 2.90627e-06 1.27274e-05 6.35736e-06 1.64728e-05 1.65269e-05 1.52424e-05 9.23917e-06 9.71337e-06 1.09644e-05 8.89299e-06 1.04841e-05 9.63988e-06 8.31794e-06 2.83779e-06 1.76828e-06 3.0323e-06 2.89416e-07 0 1.82224e-06 1.84917e-06 0 0 0 0 0 3.92107e-07 1.29602e-06 1.66344e-06 0 0 0 0 0 0 0 0 0 0 0 0 0 0 0 0 0 0 0 0 0 0 0 
0 0 0 0 0 0 0 0 0 0 0 0 0 0 0 0 0 0 0 0 0 0 0 0 0 0 0 0 0 0 0 0 0 0 1.71814e-06 0 3.71646e-06 1.84226e-06 2.00164e-06 6.93523e-06 5.05851e-06 1.02117e-05 1.16543e-05 1.53177e-05 1.07295e-05 1.56722e-05 9.3728e-06 1.0783e-05 1.65067e-05 4.46647e-06 1.0223e-05 5.57426e-06 1.64463e-05 1.6204e-05 1.93962e-05 8.30919e-06 1.24593e-05 7.99732e-06 8.7432e-06 1.87279e-05 9.32745e-06 8.09239e-06 1.3736e-06 1.70718e-06 1.33093e-06 1.65899e-06 0 1.68005e-06 1.73412e-06 0 0 0 0 0 0 1.82696e-06 1.18456e-06 6.68609e-07 0 0 0 0 0 0 0 0 0 0 0 0 0 0 0 0 0 0 0 0 0 0 
0 0 0 0 0 0 0 0 0 0 0 0 0 0 0 0 0 0 0 0 0 0 0 0 0 0 0 0 0 0 0 0 0 0 2.02835e-06 0 3.707e-06 1.54466e-06 1.37639e-06 8.00287e-06 4.3593e-06 1.11855e-05 1.24543e-05 1.29815e-05 1.28968e-05 1.6726e-05 7.50696e-06 1.30052e-05 1.70281e-05 4.1194e-06 1.16545e-05 6.22787e-06 1.48631e-05 1.88534e-05 1.74997e-05 7.80111e-06 8.23659e-06 5.8725e-06 5.96802e-06 1.32807e-05 9.75131e-06 7.01732e-06 1.86477e-06 2.13428e-06 1.48511e-06 2.03839e-06 0 2.15787e-06 1.89869e-06 0 0 0 0 0 0 1.90177e-06 3.1354e-07 1.77599e-06 0 0 0 0 0 0 0 0 0 0 0 0 0 0 0 0 0 0 0 0 0 0 
0 0 0 0 0 0 0 0 0 0 0 0 0 0 0 0 0 0 0 0 0 0 0 0 0 0 0 0 0 0 0 6.41604e-07 0 0 1.69384e-06 2.71546e-07 1.85427e-06 1.6875e-06 1.65261e-06 7.41186e-06 6.89987e-06 1.15924e-05 1.24361e-05 1.52686e-05 1.23608e-05 1.35637e-05 8.86467e-06 1.14614e-05 2.07452e-05 5.58637e-06 1.15343e-05 6.64466e-06 1.37398e-05 2.09646e-05 2.08714e-05 1.26093e-05 9.75568e-06 5.21905e-06 8.8974e-06 9.59255e-06 9.0948e-06 8.25499e-06 2.31769e-06 2.12355e-06 2.08962e-06 1.92428e-06 0 1.7958e-06 1.97424e-06 0 0 0 0 0 0 0 0 2.23466e-06 0 0 0 0 0 0 0 0 0 0 0 0 0 0 0 0 0 0 0 0 0 0 
0 0 0 0 0 0 0 0 0 0 0 0 0 0 0 0 0 0 0 0 0 0 0 0 0 0 0 0 0 0 0 1.79666e-06 0 2.02294e-06 0 0 1.54916e-06 3.95381e-06 3.26797e-06 5.00147e-06 7.84583e-06 1.2382e-05 1.5498e-05 1.48053e-05 1.05559e-05 1.60891e-05 9.92531e-06 9.63279e-06 2.01268e-05 1.15616e-05 1.04361e-05 7.09298e-06 1.34632e-05 2.04741e-05 1.8495e-05 1.08979e-05 9.18705e-06 5.71978e-06 1.11071e-05 9.81974e-06 9.27817e-06 7.1963e-06 1.58359e-06 2.16969e-06 1.3342e-06 1.86964e-06 0 0 2.68749e-06 1.72268e-06 0 0 0 0 0 0 0 1.73495e-06 0 0 0 0 0 0 0 0 0 0 0 0 0 0 0 0 0 0 0 0 0 0 
0 0 0 0 0 0 0 0 0 0 0 0 0 0 0 0 0 0 0 0 0 0 0 0 0 0 0 0 0 0 4.23141e-07 1.67793e-06 0 1.97227e-06 0 0 2.12811e-06 3.48858e-06 3.77551e-06 5.88588e-06 8.88878e-06 1.25923e-05 1.29601e-05 1.43044e-05 1.18907e-05 1.57322e-05 1.29778e-05 7.9661e-06 1.83602e-05 1.4151e-05 7.22809e-06 5.3797e-06 1.1096e-05 1.72005e-05 1.82216e-05 1.3722e-05 7.3306e-06 5.30069e-06 1.06811e-05 1.04339e-05 1.09346e-05 7.06351e-06 2.88123e-06 1.61405e-06 2.15531e-06 1.8399e-06 0 0 1.68898e-06 1.36615e-06 0 0 0 0 0 0 0 2.12467e-06 0 0 0 0 0 0 0 0 0 0 0 0 0 0 0 0 0 0 0 0 0 0 
0 0 0 0 0 0 0 0 0 0 0 0 0 0 0 0 0 0 0 0 0 0 0 0 0 0 0 0 0 0 1.88833e-06 0 0 2.05041e-06 0 0 2.07908e-06 3.99412e-06 4.46204e-06 5.06998e-06 8.59116e-06 1.13117e-05 1.30326e-05 1.19445e-05 1.24083e-05 1.74209e-05 1.51334e-05 8.44339e-06 1.85734e-05 1.00107e-05 9.73575e-06 6.12155e-06 1.04476e-05 1.71673e-05 2.08218e-05 1.13971e-05 5.70763e-06 6.26534e-06 1.05668e-05 9.92543e-06 9.20967e-06 1.04971e-05 3.10959e-06 2.68448e-06 1.37539e-06 1.78938e-06 0 0 1.45874e-06 1.89047e-06 0 0 0 0 0 0 0 0 9.10918e-07 0 0 0 0 0 0 0 0 0 0 0 0 0 0 0 0 0 0 0 0 0 
0 0 0 0 0 0 0 0 0 0 0 0 0 0 0 0 0 0 0 0 0 0 0 0 0 0 0 0 0 0 1.17334e-06 0 0 2.03613e-06 0 0 2.57439e-06 2.51222e-06 3.35566e-06 5.00331e-06 5.98592e-06 1.32266e-05 1.09109e-05 1.09413e-05 1.18984e-05 2.08262e-05 1.32917e-05 6.35525e-06 2.3408e-05 1.00988e-05 1.33072e-05 3.58149e-06 1.46908e-05 1.64511e-05 2.35037e-05 1.44577e-05 5.88915e-06 5.62208e-06 1.202e-05 6.69003e-06 9.07358e-06 8.56517e-06 4.55192e-06 1.99209e-06 2.11311e-06 1.72732e-06 0 0 2.24226e-06 7.64718e-07 0 0 0 3.72371e-07 0 0 0 0 0 0 0 0 0 7.50889e-07 7.43003e-07 0 0 0 0 0 0 0 0 0 0 0 0 0 0 0 
0 0 0 0 0 0 0 0 0 0 0 0 0 0 0 0 0 0 0 0 0 0 0 0 0 0 0 0 0 0 0 0 3.04591e-07 3.25312e-06 0 0 4.87849e-06 2.12361e-06 3.74457e-06 7.3637e-06 6.80529e-06 1.39714e-05 1.18969e-05 1.24305e-05 1.42396e-05 1.37475e-05 1.44773e-05 7.07015e-06 2.25075e-05 1.04007e-05 1.39079e-05 5.01734e-06 1.61594e-05 1.9657e-05 2.4573e-05 1.35909e-05 5.98629e-06 8.09831e-06 1.37963e-05 6.74128e-06 9.01572e-06 9.66087e-06 2.14904e-06 3.84107e-06 1.47589e-06 3.53493e-07 0 0 1.57535e-06 7.7688e-07 0 0 0 2.18645e-06 0 0 0 0 0 0 0 0 0 0 1.92609e-06 0 0 0 0 0 0 0 0 0 0 0 0 0 0 0 
0 0 0 0 0 0 0 0 0 0 0 0 0 0 0 0 0 0 0 0 0 0 0 0 0 0 0 0 0 0 0 0 2.18854e-06 1.0994e-06 0 0 5.18404e-06 1.26948e-06 4.42343e-06 1.15964e-05 7.29755e-06 1.42052e-05 1.71738e-05 1.3364e-05 1.34441e-05 1.5181e-05 1.41853e-05 9.89507e-06 2.25667e-05 1.30606e-05 8.9724e-06 5.13742e-06 1.51589e-05 1.91267e-05 2.46217e-05 1.14487e-05 3.29025e-06 7.57148e-06 1.3051e-05 9.1471e-06 9.60395e-06 1.01594e-05 2.03181e-06 2.88804e-06 4.93301e-06 1.05418e-06 0 0 0 1.85559e-06 0 2.13339e-06 0 2.76885e-06 0 0 0 0 0 0 0 0 0 0 2.04924e-06 0 0 0 0 0 0 0 0 0 0 0 0 0 0 0 
0 0 0 0 0 0 0 0 0 0 0 0 0 0 0 0 0 0 0 0 0 0 0 0 0 0 0 0 0 0 0 0 3.92168e-06 0 0 1.98576e-06 4.37969e-06 3.3624e-06 3.61535e-06 1.11428e-05 8.38113e-06 1.71742e-05 2.04953e-05 1.44717e-05 1.25177e-05 1.51238e-05 1.34835e-05 9.05056e-06 1.56353e-05 1.1519e-05 1.43351e-05 4.67045e-06 1.24047e-05 2.22703e-05 2.09699e-05 1.50229e-05 4.8062e-06 7.12619e-06 1.33871e-05 9.17834e-06 1.00473e-05 1.01857e-05 4.14295e-06 2.33237e-06 3.7003e-06 3.06507e-06 0 0 0 2.10801e-06 0 1.62476e-06 3.17638e-07 0 2.14816e-06 0 0 0 0 0 0 0 0 0 0 2.79902e-06 0 0 0 0 0 0 0 0 0 0 0 0 0 0 
0 0 0 0 0 0 0 0 0 0 0 0 0 0 0 0 0 0 0 0 0 0 0 0 0 0 0 0 0 0 0 6.80677e-06 1.38403e-06 0 0 1.1788e-06 3.23261e-06 4.01114e-06 4.20693e-06 8.48834e-06 7.98413e-06 1.566e-05 1.23947e-05 1.183e-05 1.76406e-05 1.18604e-05 1.32345e-05 8.55273e-06 1.42452e-05 9.38905e-06 1.43554e-05 3.51429e-06 1.28409e-05 2.09854e-05 1.83878e-05 1.365e-05 7.82423e-06 7.05975e-06 1.12595e-05 8.66623e-06 7.84866e-06 1.06005e-05 6.93211e-06 4.22116e-07 1.86902e-06 5.92522e-06 0 0 0 1.53918e-06 0 0 2.14739e-06 3.8386e-07 2.18413e-06 0 0 0 0 0 0 0 0 0 0 2.45274e-06 0 0 0 0 0 0 0 0 0 0 0 0 0 0 
0 0 0 0 0 0 0 0 0 0 0 0 0 0 0 0 0 0 0 0 0 0 0 0 0 0 0 0 0 0 0 6.07692e-06 0 0 0 0 4.86285e-06 3.76779e-06 5.52603e-06 8.31488e-06 6.17198e-06 1.88835e-05 1.21676e-05 1.26845e-05 1.0967e-05 1.45981e-05 1.77919e-05 7.85599e-06 1.53748e-05 9.80648e-06 1.5007e-05 2.25537e-06 1.20135e-05 1.81467e-05 2.44007e-05 9.46683e-06 6.78749e-06 6.80284e-06 1.37474e-05 8.21748e-06 1.13275e-05 1.14859e-05 8.70721e-06 0 1.76719e-06 2.62934e-06 4.48728e-07 0 0 2.45854e-06 0 0 1.98042e-06 1.34026e-06 2.29685e-06 0 0 0 0 0 0 0 0 0 0 3.73783e-07 2.21494e-06 0 0 0 0 0 0 0 0 0 0 0 0 0 
0 0 0 0 0 0 0 0 0 0 0 0 0 0 0 0 0 0 0 0 0 0 0 0 0 0 0 0 0 0 1.5759e-06 3.60314e-07 0 0 0 0 3.51369e-06 3.61286e-06 3.52536e-06 8.13426e-06 8.35429e-06 1.62839e-05 1.13419e-05 1.45855e-05 1.09367e-05 1.83509e-05 1.76268e-05 1.00645e-05 1.95026e-05 1.15904e-05 2.07429e-05 2.48395e-06 1.66982e-05 1.79621e-05 2.16064e-05 1.3972e-05 4.25715e-06 5.9497e-06 1.33135e-05 6.98762e-06 1.73222e-05 9.46872e-06 9.37935e-06 0 2.19905e-06 1.94077e-06 0 0 0 1.24077e-06 1.14785e-06 0 2.73495e-06 2.45615e-06 0 1.90126e-06 0 0 0 0 0 0 0 0 0 0 1.94201e-06 0 0 0 0 0 0 0 0 0 0 0 0 0 
0 0 0 0 0 0 0 0 0 0 0 0 0 0 0 0 0 0 0 0 0 0 0 0 0 0 0 0 0 0 3.19278e-06 0 3.18243e-06 0 0 0 5.05156e-06 4.31065e-06 4.89256e-06 5.88598e-06 1.27494e-05 1.76397e-05 1.26819e-05 1.62789e-05 1.00379e-05 1.57038e-05 1.81279e-05 6.71565e-06 2.3421e-05 8.63863e-06 2.01555e-05 3.16634e-06 1.46698e-05 1.72536e-05 2.23236e-05 1.55671e-05 5.32598e-06 6.80163e-06 1.65449e-05 7.98589e-06 1.58626e-05 1.17334e-05 1.00338e-05 0 3.57878e-06 1.87734e-06 0 0 0 0 2.19145e-06 0 2.20637e-06 1.25092e-06 4.01379e-07 1.78734e-06 0 0 0 0 0 0 0 0 0 0 0 0 0 0 0 0 0 0 0 0 0 0 0 0 
0 0 0 0 0 0 0 0 0 0 0 0 0 0 0 0 0 0 0 0 0 0 0 0 0 0 0 0 0 4.36493e-07 2.07048e-06 3.82557e-08 4.46177e-06 0 0 0 4.77087e-06 6.41661e-06 1.67813e-06 5.82236e-06 1.39463e-05 1.52655e-05 1.18036e-05 1.69249e-05 8.99865e-06 1.70876e-05 1.96179e-05 4.01934e-06 1.9798e-05 1.14052e-05 1.58995e-05 6.90545e-06 2.42785e-05 1.30103e-05 2.21214e-05 1.62173e-05 8.24482e-06 2.6427e-06 1.72278e-05 1.41978e-05 1.29746e-05 1.22685e-05 1.14542e-05 0 1.89929e-06 2.31311e-06 0 0 0 0 2.02611e-06 0 1.54803e-06 0 2.84542e-06 3.14513e-06 0 0 0 0 0 0 0 0 0 0 0 0 0 0 0 0 0 0 0 0 0 0 0 0 
0 0 0 0 0 0 0 0 0 0 0 0 0 0 0 0 0 0 0 0 0 0 0 0 0 0 0 0 0 2.24856e-06 0 0 0 0 0 0 4.3136e-06 4.09189e-06 2.56782e-06 5.76919e-06 1.2201e-05 1.5151e-05 1.54979e-05 1.80732e-05 6.31994e-06 1.27245e-05 1.41557e-05 3.85668e-06 2.39338e-05 9.67321e-06 1.69178e-05 4.54459e-06 1.22085e-05 1.50618e-05 2.20632e-05 1.42284e-05 1.15949e-05 9.76615e-07 1.68082e-05 1.08943e-05 1.27659e-05 1.46042e-05 1.20288e-05 4.51493e-07 1.81763e-06 2.48061e-06 0 0 0 0 2.26017e-06 0 1.37139e-06 8.23391e-07 2.38054e-06 4.52381e-07 1.56443e-06 0 0 0 0 0 0 0 0 0 0 0 0 0 0 0 0 0 0 0 0 0 0 0 
0 0 0 0 0 0 0 0 0 0 0 0 0 0 0 0 0 0 0 0 0 0 0 0 0 0 0 0 0 2.57725e-06 0 0 0 0 0 0 4.77164e-06 7.50413e-06 3.65283e-06 6.94561e-06 1.15012e-05 1.70076e-05 1.79261e-05 2.25331e-05 5.7152e-06 1.9201e-05 8.79132e-06 4.19225e-06 2.31948e-05 8.46313e-06 1.88517e-05 4.00188e-06 8.98137e-06 1.60289e-05 2.02776e-05 9.81328e-06 1.65851e-05 1.41018e-06 1.36447e-05 1.07489e-05 2.07733e-05 1.47998e-05 8.6016e-06 2.28297e-06 1.89945e-06 1.42617e-06 0 0 0 0 2.48513e-06 0 0 2.87126e-06 0 0 2.2287e-06 0 0 0 0 0 0 0 0 0 0 0 0 0 0 0 0 0 0 0 0 0 0 0 
0 0 0 0 0 0 0 0 0 0 0 0 0 0 0 0 0 0 0 0 0 0 0 0 0 0 0 0 2.16122e-06 0 0 0 0 0 0 0 4.26032e-06 6.1998e-06 4.27921e-06 7.80656e-06 1.04105e-05 1.74991e-05 2.04642e-05 2.22027e-05 2.27812e-06 1.84398e-05 9.76479e-06 6.49374e-06 1.80795e-05 8.52733e-06 1.70267e-05 2.25461e-06 9.11521e-06 1.98815e-05 1.99002e-05 8.50802e-06 1.52173e-05 3.00531e-06 1.62283e-05 1.38505e-05 1.17672e-05 1.31158e-05 7.74846e-06 2.21175e-06 2.26089e-06 2.47227e-06 0 0 0 0 2.42554e-06 0 0 1.78749e-06 0 0 2.42938e-06 0 0 0 0 0 0 0 0 0 0 0 0 0 0 0 0 0 0 0 0 0 0 0 
0 0 0 0 0 0 0 0 0 0 0 0 0 0 0 0 0 0 0 0 0 0 0 0 0 0 0 0 0 0 0 0 0 0 0 0 4.4906e-06 8.6042e-06 5.85257e-06 7.76363e-06 1.23448e-05 1.68221e-05 2.07895e-05 2.04036e-05 2.29452e-06 1.69737e-05 9.31075e-06 8.49328e-06 1.45408e-05 1.81312e-05 1.70263e-05 2.40441e-06 1.48625e-05 2.07547e-05 1.75485e-05 9.64839e-06 1.72915e-05 8.07228e-06 1.5871e-05 1.38046e-05 1.19889e-05 1.29984e-05 6.82162e-06 5.88146e-06 2.46979e-06 1.15172e-06 0 0 0 0 4.9083e-07 2.40758e-06 0 2.58642e-06 0 0 1.29694e-06 1.47391e-06 0 0 0 0 0 0 0 0 0 0 0 0 0 0 0 0 0 0 0 0 0 0 
0 0 0 0 0 0 0 0 0 0 0 0 0 0 0 1.39633e-06 0 0 0 0 0 0 0 0 0 0 0 0 0 0 0 0 0 0 0 0 4.29757e-06 7.53139e-06 7.11052e-06 6.41407e-06 1.29634e-05 2.0432e-05 1.59098e-05 1.90191e-05 2.84855e-06 1.44562e-05 1.12169e-05 7.02267e-06 1.03737e-05 1.36755e-05 1.43214e-05 2.79129e-06 1.41196e-05 2.20651e-05 1.54718e-05 9.3121e-06 1.76262e-05 1.42721e-05 1.3336e-05 1.39501e-05 1.08971e-05 1.35729e-05 7.11339e-06 6.26589e-06 2.91975e-06 0 0 0 0 0 0 2.3474e-06 0 1.81051e-06 0 0 0 2.0635e-06 0 0 0 0 0 0 0 0 0 0 0 0 0 0 0 0 0 0 0 0 0 0 
0 0 0 0 0 0 0 0 0 0 0 0 0 0 3.97834e-06 6.8994e-07 0 0 0 0 0 0 0 0 0 0 0 0 0 0 0 0 0 0 4.46981e-07 1.98708e-06 4.78618e-06 8.03777e-06 7.26089e-06 7.09057e-06 9.65851e-06 1.67469e-05 1.34358e-05 1.89084e-05 4.27886e-06 1.34675e-05 1.56935e-05 9.99236e-06 1.06697e-05 1.5088e-05 1.97937e-05 3.32197e-06 9.44669e-06 2.38946e-05 1.60647e-05 9.34005e-06 4.27957e-05 1.55571e-05 1.45437e-05 1.26332e-05 7.93035e-06 1.49284e-05 2.54342e-06 9.09939e-06 4.5235e-06 0 0 2.01814e-06 0 0 0 2.22043e-06 0 3.11281e-06 0 0 0 2.9571e-06 0 0 0 0 0 0 0 0 0 0 0 0 0 0 0 0 0 0 0 0 0 0 
0 0 0 0 0 0 0 0 0 0 0 0 6.31414e-07 4.28721e-06 0 0 0 0 0 0 0 0 0 0 0 0 0 0 0 0 0 0 0 0 2.57732e-06 2.41814e-06 4.74335e-06 7.27868e-06 7.43153e-06 7.35869e-06 1.16053e-05 1.01121e-05 1.01605e-05 1.92652e-05 5.01278e-06 1.05242e-05 1.21129e-05 1.02774e-05 6.32537e-06 1.9598e-05 2.15861e-05 8.2984e-06 5.98142e-06 2.18222e-05 1.60651e-05 1.49134e-05 1.57684e-05 2.34649e-05 1.33659e-05 1.40122e-05 8.1695e-06 1.06901e-05 2.70857e-06 1.02379e-05 5.05311e-06 0 2.80304e-06 2.59537e-06 0 0 0 2.05648e-06 0 0 2.60483e-06 0 0 2.58142e-06 0 0 0 0 0 0 0 0 0 0 0 0 0 0 0 0 0 0 0 0 0 0 
0 0 0 0 0 0 0 0 0 0 0 8.62347e-07 3.91961e-06 0 0 0 0 0 0 0 0 0 0 0 0 0 0 0 0 0 0 0 1.00779e-06 1.89228e-06 2.38416e-06 5.14e-06 2.33599e-06 7.05063e-06 5.20279e-06 7.90534e-06 1.1566e-05 1.02857e-05 1.04421e-05 1.82534e-05 5.2469e-06 1.19184e-05 6.04841e-06 1.31952e-05 8.14591e-06 2.23463e-05 1.75059e-05 7.74738e-06 8.78447e-06 1.86725e-05 1.99154e-05 1.44668e-05 1.39858e-05 1.80676e-05 4.04209e-05 1.68776e-05 6.73786e-06 7.23674e-06 4.54203e-06 8.96047e-06 2.15434e-06 0 2.48022e-06 3.80671e-06 1.35048e-06 0 0 1.70404e-06 9.10698e-07 0 2.64237e-06 0 0 0 2.75999e-06 0 0 0 0 0 0 0 0 0 0 0 0 0 0 0 0 0 0 0 0 0 
0 0 0 0 0 0 0 0 0 0 0 0 0 0 0 0 0 0 0 0 0 0 0 0 0 0 0 0 0 0 0 1.58239e-06 1.49027e-05 1.24506e-05 3.89311e-06 5.59951e-06 2.36849e-06 8.40583e-06 4.46843e-06 1.02353e-05 1.15933e-05 8.71982e-06 8.35683e-06 1.99278e-05 1.10068e-05 1.31636e-05 7.77926e-06 1.54007e-05 6.4797e-06 1.70259e-05 2.14903e-05 8.18614e-06 7.824e-06 2.13818e-05 2.00578e-05 8.84185e-06 1.56497e-05 2.38968e-05 1.18764e-05 1.39641e-05 8.30663e-06 6.79019e-06 5.42828e-06 9.05926e-06 2.43689e-06 0 3.08157e-06 2.87203e-06 2.18423e-06 0 0 0 3.20849e-06 0 2.43048e-06 0 0 0 3.19452e-06 0 0 0 0 0 0 0 0 0 0 0 0 0 0 0 0 0 0 0 0 0 
0 0 0 0 0 0 0 0 0 0 0 0 0 0 0 0 0 0 0 0 0 0 0 0 0 0 0 0 0 0 2.01276e-06 1.52446e-06 9.48517e-06 2.38116e-06 2.24937e-06 3.63872e-06 3.36187e-06 4.65598e-06 6.46804e-06 7.88242e-06 9.63767e-06 6.76335e-06 6.24826e-06 1.97976e-05 1.19145e-05 1.66161e-05 9.9141e-06 1.37922e-05 4.97223e-06 1.5416e-05 2.05718e-05 8.08633e-06 9.48552e-06 2.27342e-05 1.86597e-05 6.23051e-06 1.86548e-05 2.04936e-05 1.28153e-05 1.36865e-05 1.07718e-05 3.63704e-06 5.11604e-06 9.38028e-06 2.69468e-06 0 2.48303e-06 3.15017e-06 2.17171e-06 0 0 0 1.87972e-06 0 2.50025e-06 0 0 0 2.31038e-06 0 0 0 0 0 0 0 0 0 0 0 0 0 0 0 0 0 0 0 0 0 
0 0 0 0 0 0 0 0 0 0 0 0 0 0 0 0 0 0 0 0 0 0 0 0 0 0 0 0 0 2.50358e-06 1.01946e-06 0 0 2.35633e-06 2.3697e-06 3.46376e-06 2.69427e-06 3.0602e-06 9.48777e-06 6.86454e-06 1.03046e-05 5.87309e-06 4.86668e-06 1.81822e-05 1.57731e-05 1.45094e-05 6.59033e-06 1.34569e-05 6.85653e-06 1.2843e-05 2.31715e-05 7.24315e-06 8.73376e-06 2.14308e-05 2.08164e-05 4.53075e-06 1.86951e-05 1.60259e-05 1.36865e-05 1.2062e-05 1.04826e-05 2.44942e-06 3.17458e-06 7.16469e-06 4.96939e-06 1.93498e-06 2.91762e-06 1.06442e-06 4.39081e-06 0 0 0 3.14164e-06 0 2.78988e-06 0 0 0 2.81544e-06 0 0 0 0 0 0 0 0 0 0 0 0 0 0 0 0 0 0 0 0 0 
0 0 0 0 0 0 0 0 0 0 0 0 0 0 0 0 0 0 0 0 0 0 0 0 0 0 0 0 5.58866e-07 6.13071e-07 0 0 0 3.11464e-06 2.98113e-06 2.63364e-06 2.63621e-06 4.6487e-06 1.03978e-05 5.96281e-06 1.41432e-05 5.3563e-06 6.2958e-06 1.51522e-05 1.52924e-05 1.47359e-05 9.18304e-06 1.73566e-05 8.25829e-06 8.1468e-06 3.05847e-05 1.22681e-05 1.18738e-05 1.61694e-05 1.9565e-05 7.03971e-06 1.84466e-05 1.86278e-05 1.39987e-05 1.48499e-05 1.16684e-05 2.53974e-06 2.01373e-06 6.00469e-06 2.85154e-06 3.46434e-06 5.17607e-06 3.25125e-06 5.77347e-06 0 0 0 2.11194e-06 5.75883e-07 1.18682e-06 1.53876e-06 0 0 0 1.69486e-06 0 0 0 0 0 0 0 0 0 0 0 0 0 0 0 0 0 0 0 0 
0 0 0 0 0 0 0 0 0 0 0 0 0 0 0 0 0 0 1.3567e-06 5.72121e-06 0 0 0 0 6.90111e-07 6.39122e-07 0 0 0 0 0 0 0 3.13724e-06 2.27647e-06 3.01677e-06 2.7712e-06 2.59471e-06 1.13146e-05 7.62488e-06 1.27538e-05 6.23344e-06 5.90241e-06 1.60745e-05 1.21336e-05 1.18102e-05 8.52902e-06 1.74887e-05 8.77103e-06 1.05712e-05 1.83446e-05 1.31082e-05 1.04722e-05 2.10779e-05 2.10771e-05 7.70303e-06 1.66374e-05 1.83728e-05 1.5488e-05 1.43545e-05 1.56351e-05 0 0 7.1969e-06 2.74008e-06 4.17485e-06 2.69943e-06 0 5.65154e-06 0 0 0 0 2.6889e-06 0 2.92568e-06 0 0 0 0 0 0 0 0 0 0 0 0 0 0 0 0 0 0 0 0 0 0 0 0 
0 0 0 0 0 0 0 0 0 0 0 0 0 0 0 0 0 1.83834e-05 5.97266e-06 0 0 0 0 6.71718e-07 3.38877e-06 0 0 0 0 0 0 0 0 2.14318e-06 2.78549e-06 3.3843e-06 2.75466e-06 5.4709e-06 9.76013e-06 1.02817e-05 1.236e-05 8.11472e-06 1.13293e-05 1.33513e-05 1.26071e-05 1.02904e-05 1.21892e-05 1.9031e-05 9.79316e-06 1.5227e-05 1.51599e-05 1.75956e-05 7.77597e-06 1.88438e-05 2.03975e-05 9.35566e-06 2.08643e-05 1.36184e-05 2.32701e-05 1.36871e-05 1.50633e-05 0 2.59775e-06 5.33521e-06 2.63477e-06 5.69946e-06 2.69292e-06 0 2.27059e-06 0 0 0 0 2.83728e-06 0 2.96409e-06 0 0 0 0 0 0 0 0 0 0 0 0 0 0 0 0 0 0 0 0 0 0 0 0 
0 0 0 0 0 0 0 0 0 0 0 0 0 0 0 0 0 0 0 0 0 0 0 0 0 0 0 0 0 0 0 0 0 0 2.62871e-06 3.03831e-06 3.03852e-06 6.97183e-06 1.21119e-05 1.12445e-05 1.26502e-05 7.89104e-06 1.61744e-05 1.75211e-05 1.07876e-05 8.8697e-06 1.02652e-05 2.38191e-05 9.04716e-06 1.51267e-05 1.61139e-05 2.63187e-05 9.95709e-06 1.57849e-05 1.89811e-05 8.0565e-06 2.60415e-05 1.25143e-05 1.22675e-05 1.64417e-05 1.78728e-05 0 2.27477e-06 3.78543e-06 3.46452e-06 5.00604e-06 3.76605e-07 0 0 0 0 0 7.31191e-07 6.03676e-06 0 2.84132e-06 0 0 0 0 0 0 0 0 0 0 6.14528e-07 0 0 0 0 0 0 0 0 0 0 0 0 0 
0 0 0 0 0 0 0 0 0 0 0 0 0 0 0 0 0 0 0 0 0 0 0 0 0 0 0 0 0 0 0 0 0 0 4.41216e-06 3.36722e-06 2.86362e-06 1.08005e-05 1.67185e-05 1.4578e-05 1.10791e-05 1.24809e-05 1.34025e-05 1.65431e-05 1.49144e-05 5.43345e-06 3.82612e-06 2.44605e-05 8.8572e-06 1.45964e-05 1.87193e-05 2.84154e-05 1.24423e-05 1.63734e-05 1.73859e-05 6.89008e-06 2.49833e-05 1.22756e-05 1.04697e-05 1.72832e-05 1.28293e-05 2.27495e-06 2.90491e-06 0 5.25935e-06 5.34325e-06 0 0 0 0 0 0 0 5.32094e-06 0 3.54464e-06 0 0 0 0 0 0 0 0 0 0 3.95012e-06 0 0 0 0 0 0 0 0 0 0 0 0 0 
0 0 0 0 0 0 0 0 0 0 0 0 0 0 0 0 0 0 0 0 0 0 0 0 0 0 0 0 0 0 0 0 0 2.14072e-06 6.63615e-06 5.39085e-07 5.2384e-06 7.6735e-06 1.70234e-05 1.41897e-05 1.19922e-05 1.43886e-05 1.14629e-05 1.49328e-05 2.0702e-05 9.88397e-06 0 2.41915e-05 2.68242e-05 1.7898e-05 2.16885e-05 2.98266e-05 1.42075e-05 1.26469e-05 1.98808e-05 1.0092e-05 2.50343e-05 1.78191e-05 8.96969e-06 2.10825e-05 1.20483e-05 5.86378e-06 4.34081e-06 0 4.30115e-06 5.04163e-06 0 0 0 0 0 0 0 4.86355e-06 3.29142e-06 1.24562e-06 1.80888e-06 0 0 0 7.84107e-07 0 0 0 0 0 3.60604e-06 0 0 0 0 0 0 0 0 0 0 0 0 0 
0 0 0 0 0 0 0 0 0 0 0 0 0 0 0 0 0 0 0 0 0 0 0 0 0 0 0 0 0 0 0 0 0 5.67612e-06 3.76774e-06 0 5.01897e-06 6.6857e-06 1.57606e-05 1.38779e-05 7.68482e-06 1.54976e-05 1.45207e-05 1.28219e-05 1.66132e-05 1.29077e-05 0 2.70904e-05 1.82806e-05 1.97276e-05 2.94364e-05 2.80013e-05 1.93329e-05 1.05232e-05 2.18323e-05 9.26783e-06 2.29596e-05 1.69136e-05 8.09329e-06 2.32546e-05 1.00732e-05 7.44015e-06 8.41417e-06 3.42571e-08 0 5.43866e-06 0 0 0 0 0 0 0 0 4.95911e-06 0 3.54711e-06 0 0 0 3.7917e-06 0 0 0 0 0 0 3.59916e-06 0 0 0 0 0 0 0 0 0 0 0 0 
0 0 0 0 0 0 0 0 0 0 0 0 0 0 0 0 0 0 0 0 0 0 0 0 0 0 0 0 0 0 0 0 1.87863e-06 6.13475e-06 3.50083e-06 0 4.00256e-06 8.47545e-06 1.49253e-05 1.88528e-05 7.41084e-06 2.76353e-05 1.15796e-05 1.5324e-05 1.66648e-05 1.52746e-05 0 2.45232e-05 2.24247e-05 1.84222e-05 3.13318e-05 3.11954e-05 2.89411e-05 1.49884e-05 1.71134e-05 1.10992e-05 1.42816e-05 1.31382e-05 1.01975e-05 2.65389e-05 1.0825e-05 9.46289e-06 9.28412e-06 0 0 5.15008e-06 0 0 0 0 0 0 0 0 3.30027e-06 0 2.89853e-06 0 0 0 2.01832e-06 1.40695e-06 0 0 0 0 0 1.34245e-06 0 0 0 0 0 0 0 0 0 0 0 0 
0 0 0 0 0 0 0 0 0 0 0 0 0 0 0 0 0 0 0 0 0 0 0 0 0 0 0 0 0 0 0 0 3.14224e-06 2.64492e-06 2.50298e-06 2.71073e-06 5.72536e-06 1.27053e-05 1.50905e-05 2.10065e-05 4.71724e-06 3.36972e-05 1.20689e-05 1.73384e-05 1.683e-05 1.35998e-05 1.10402e-06 2.30962e-05 1.92049e-05 2.63755e-05 3.24455e-05 2.94247e-05 3.68738e-05 1.06165e-05 2.07568e-05 1.13352e-05 1.79641e-05 1.02633e-05 8.59522e-06 2.87771e-05 7.90888e-06 1.39457e-05 8.36581e-06 1.58112e-06 0 2.66856e-06 0 0 0 0 0 0 0 0 2.71106e-06 0 3.31381e-06 0 0 0 0 3.92315e-06 0 0 0 0 0 0 0 0 0 0 0 0 0 0 0 0 0 0 
0 0 0 0 0 0 0 0 0 0 0 0 0 0 0 0 0 0 0 0 0 0 0 0 0 0 0 0 0 0 0 0 1.37814e-06 4.02189e-06 2.21431e-06 5.37695e-06 7.65739e-06 1.06622e-05 1.97467e-05 1.31842e-05 3.11547e-06 1.7985e-05 8.97599e-06 1.444e-05 1.96979e-05 1.70906e-05 0 1.94046e-05 2.47928e-05 2.78393e-05 2.80833e-05 3.13667e-05 3.53298e-05 1.12461e-05 2.39109e-05 1.29152e-05 1.90595e-05 1.2767e-05 8.30134e-06 3.19975e-05 7.3114e-06 1.18501e-05 2.45176e-06 0 0 2.31504e-06 0 0 0 0 0 0 0 0 3.76532e-06 2.33391e-06 4.02383e-06 0 0 0 0 4.04975e-06 0 0 0 0 0 0 0 0 0 0 0 0 0 0 0 0 0 0 
0 0 0 0 0 0 0 0 0 0 0 0 0 0 0 0 0 0 0 0 0 0 0 0 0 0 0 0 0 0 0 0 0 3.64107e-06 3.1936e-06 3.95274e-06 1.33297e-05 8.69941e-06 1.75013e-05 1.0367e-05 3.30398e-06 2.27922e-05 6.93624e-06 1.61408e-05 2.34054e-05 1.89785e-05 1.31505e-06 1.65136e-05 1.84615e-05 3.18867e-05 2.98436e-05 3.8177e-05 2.59997e-05 1.61735e-05 2.06266e-05 1.41188e-05 1.83871e-05 1.90322e-05 1.14896e-05 2.74877e-05 9.64898e-06 1.54157e-05 3.91985e-06 0 0 3.71197e-06 0 0 0 0 0 0 0 0 5.05249e-06 3.94015e-06 8.38521e-07 2.61652e-06 0 0 0 4.50414e-06 0 0 0 0 0 0 0 0 0 0 0 0 0 0 0 0 0 0 
0 0 0 0 0 0 0 0 0 0 0 0 0 0 0 0 0 0 0 0 0 0 0 0 0 0 0 0 0 0 0 2.40687e-06 0 4.0732e-06 1.01837e-05 0 1.6771e-05 8.53369e-06 1.46643e-05 1.39884e-05 3.46367e-06 2.06036e-05 9.66707e-06 1.81214e-05 2.03333e-05 1.70521e-05 1.0644e-05 1.23677e-05 2.44487e-05 3.78741e-05 3.05176e-05 4.20565e-05 2.78106e-05 1.38395e-05 2.5227e-05 1.87023e-05 1.81746e-05 2.17715e-05 1.2417e-05 2.81751e-05 9.00973e-06 9.85465e-06 3.50696e-07 0 0 5.78795e-06 0 0 0 0 0 0 0 0 2.04494e-06 7.9229e-06 0 1.73659e-05 4.72239e-06 0 0 8.06316e-07 4.95777e-06 0 0 0 0 0 0 0 0 0 0 0 0 0 0 0 0 0 
0 0 0 0 0 0 0 0 0 0 0 0 0 0 0 0 0 0 0 0 0 0 0 0 0 0 0 0 0 0 8.32119e-07 3.59644e-06 0 1.39603e-05 1.38879e-05 5.00542e-06 1.6861e-05 5.92456e-06 1.06746e-05 2.68162e-05 3.91447e-06 1.77994e-05 2.15867e-05 1.77669e-05 1.59943e-05 2.26162e-05 9.98954e-06 7.20506e-06 2.91564e-05 3.48373e-05 3.12172e-05 4.25285e-05 3.01262e-05 6.43086e-06 3.36257e-05 2.93231e-05 1.10952e-05 2.57896e-05 8.27083e-06 2.66108e-05 8.31588e-06 1.26875e-05 3.20908e-06 0 0 7.41645e-06 3.19909e-06 0 0 0 0 0 0 0 0 9.40664e-06 0 0 0 0 0 0 4.13001e-06 0 0 0 0 0 0 0 0 0 0 0 0 0 0 0 0 0 
0 0 0 0 0 0 0 0 0 0 0 0 0 0 0 0 0 0 0 0 0 0 0 0 0 0 0 0 0 0 9.6242e-07 0 0 1.22408e-05 8.19259e-06 8.69849e-06 1.47027e-05 3.70254e-06 1.48041e-05 1.69728e-05 3.20648e-06 2.40465e-05 2.37427e-05 1.19434e-05 1.10072e-05 3.02554e-05 1.2187e-05 8.21931e-06 3.40835e-05 3.55689e-05 3.33811e-05 3.42999e-05 2.99918e-05 9.54697e-06 3.26262e-05 3.81612e-05 1.55972e-05 2.75722e-05 8.18513e-06 3.28979e-05 1.42958e-05 3.94261e-06 1.12193e-05 0 0 4.85238e-06 5.18003e-06 0 0 0 0 0 0 0 0 4.12211e-06 3.23803e-06 0 0 0 0 0 5.99064e-06 0 0 0 0 0 0 0 0 0 0 0 0 0 0 0 0 0 
0 0 0 0 0 0 0 0 0 0 0 0 0 0 0 0 0 0 0 0 0 0 0 0 0 0 0 0 0 0 0 0 0 1.13545e-05 1.0841e-05 1.02534e-05 1.6115e-05 4.35349e-06 1.93608e-05 1.67077e-05 5.15327e-06 4.53383e-05 2.26861e-05 1.65857e-05 1.26255e-05 2.01829e-05 1.84709e-05 9.21227e-06 2.77686e-05 5.04565e-05 2.30426e-05 3.84885e-05 3.0375e-05 1.10522e-05 3.42287e-05 4.33339e-05 1.62616e-05 3.88346e-05 8.76444e-06 4.69451e-05 1.27568e-05 0 1.72302e-05 0 0 2.67514e-06 1.08082e-05 0 0 0 0 0 0 0 0 0 1.16443e-06 0 0 0 0 0 6.92383e-06 1.44812e-06 0 0 0 0 0 0 0 0 0 0 0 0 0 0 0 0 
0 0 0 0 0 0 0 0 0 0 0 0 0 0 0 0 0 0 0 0 0 0 0 0 0 0 0 0 0 0 0 0 9.1541e-06 4.06947e-06 5.74691e-06 1.13303e-05 1.60684e-05 8.28092e-06 1.99794e-05 1.60852e-05 5.33871e-06 5.13622e-05 2.54325e-05 2.34328e-05 1.22252e-05 1.72309e-05 1.90437e-05 1.93434e-05 2.50953e-05 6.94735e-05 6.02946e-06 4.38747e-05 3.56647e-05 1.41445e-05 2.26972e-05 5.57972e-05 1.74468e-05 3.07203e-05 2.01825e-05 1.41559e-05 2.20645e-05 0 1.99549e-05 3.25075e-06 0 4.67372e-06 1.00141e-05 0 0 0 0 0 0 0 0 0 0 0 0 0 0 0 0 1.01361e-05 0 0 0 0 0 0 0 0 0 0 0 0 0 0 0 0 
0 0 0 0 0 0 0 0 0 0 0 0 0 0 0 0 0 0 0 0 0 0 0 0 0 0 0 0 0 0 0 2.87203e-06 8.57057e-06 5.55774e-06 4.99912e-06 1.36297e-05 2.2029e-05 1.41206e-05 4.068e-05 6.68487e-06 4.56137e-06 5.10114e-05 2.99722e-05 3.30557e-05 1.26238e-05 2.29017e-05 3.50841e-05 1.88251e-05 2.48129e-05 9.87789e-05 1.63425e-05 6.39322e-05 1.67208e-05 2.26415e-05 2.29325e-05 5.5825e-05 2.56492e-05 3.90195e-05 2.04022e-05 1.57976e-05 1.89873e-05 3.08547e-06 2.60263e-05 9.93742e-06 0 5.11899e-06 4.53109e-06 0 0 0 0 0 0 0 0 0 0 0 0 0 0 0 0 1.28758e-05 0 0 0 0 0 0 0 0 0 0 0 0 0 0 0 0 
0 0 0 0 0 0 0 0 0 0 0 0 0 0 0 0 0 0 0 0 0 0 0 0 0 0 0 0 0 0 0 9.40591e-06 0 7.49332e-06 2.8385e-06 2.11198e-05 3.53825e-05 1.70007e-05 2.0306e-05 1.37435e-05 2.0326e-05 4.32063e-05 3.44078e-05 4.05757e-05 1.70033e-05 3.02361e-05 3.71445e-05 1.07471e-05 5.001e-05 6.82831e-05 2.00365e-05 8.42722e-05 1.77265e-05 3.37705e-05 1.72424e-05 5.8477e-05 4.16645e-05 3.26877e-05 2.4479e-05 1.62678e-05 2.82423e-05 6.6117e-06 1.93246e-05 1.32668e-05 0 6.14704e-06 1.3161e-06 0 0 0 0 0 0 0 0 0 0 0 0 0 0 0 0 0 0 0 0 0 0 0 0 0 0 0 0 0 0 0 0 0 
0 0 0 0 0 0 0 0 0 0 0 0 0 0 0 0 0 0 0 0 0 0 0 0 0 0 0 0 0 0 0 0 0 1.78625e-06 0 6.40927e-06 2.54649e-05 1.68353e-05 1.93646e-05 3.26944e-05 2.18646e-05 2.95711e-05 2.14097e-05 5.76315e-05 1.48596e-05 1.80225e-05 2.97318e-05 1.68404e-05 2.60242e-05 4.38777e-05 4.43447e-06 5.61159e-05 3.93337e-05 2.31666e-05 4.71322e-05 3.68089e-05 2.71978e-05 5.09161e-05 3.09487e-05 3.60383e-06 3.28451e-05 1.44991e-05 3.16752e-05 0 0 6.79557e-06 0 0 0 0 0 0 0 0 0 0 0 0 0 0 0 0 0 0 0 0 0 0 0 0 0 0 0 0 0 0 0 0 0 0 
0 0 0 0 0 0 0 0 0 0 0 0 0 0 0 0 0 0 0 0 0 0 0 4.87612e-06 0 0 0 0 0 0 0 0 0 0 0 6.10981e-06 1.9478e-05 1.93519e-05 2.50595e-05 2.91564e-05 3.32514e-05 2.25275e-05 2.61934e-05 3.44018e-05 3.02731e-05 6.44382e-06 2.06319e-05 0 3.45133e-05 0 0 1.88877e-05 1.92204e-05 1.33777e-05 6.1672e-05 3.56888e-05 3.76254e-05 2.06354e-05 3.73673e-05 0 2.23733e-05 1.78122e-05 2.84891e-05 6.71403e-06 0 6.76501e-06 0 0 0 0 0 0 0 0 0 0 0 0 0 0 0 0 0 0 0 0 0 0 0 0 0 0 0 0 0 0 0 0 0 0 
0 0 0 0 0 0 0 0 0 0 0 0 0 0 0 0 0 0 0 0 0 0 2.96433e-06 3.98725e-06 0 0 0 0 0 0 0 0 0 0 0 9.93372e-06 9.44745e-06 1.57137e-05 3.56174e-05 3.47515e-05 1.31832e-05 4.9753e-05 6.6744e-06 1.00034e-05 1.8217e-05 0 7.42415e-06 0 1.51684e-05 0 0 2.42367e-05 1.47176e-05 0 2.44472e-05 2.24464e-05 2.81516e-05 2.73826e-05 4.24458e-05 0 2.21525e-05 9.79257e-06 0 2.64287e-05 0 1.76388e-05 0 0 0 0 0 0 0 0 0 0 0 0 0 0 0 0 0 0 0 0 0 0 0 0 0 0 0 0 0 0 0 0 0 0 
0 0 0 0 0 0 0 0 0 0 0 0 0 0 0 0 0 0 0 0 0 0 9.41661e-06 0 0 0 0 0 0 0 0 0 0 5.89226e-06 1.60028e-06 1.24716e-05 1.49922e-05 2.40822e-05 1.62677e-05 1.47748e-07 9.02764e-06 1.65324e-05 0 0 1.59754e-05 0 0 0 0 0 0 0 2.16244e-05 0 9.21884e-06 9.23207e-06 2.40484e-05 1.45797e-05 2.2823e-05 0 1.74953e-05 1.31291e-05 0 0 0 0 0 0 0 0 0 0 0 0 0 0 0 0 0 0 0 0 0 0 0 0 0 0 0 0 0 0 0 0 0 0 0 0 0 0 
0 0 0 0 0 0 0 0 0 0 0 0 0 0 0 0 0 0 0 0 0 0 1.45806e-05 0 0 0 0 0 0 0 0 0 0 0 1.45559e-05 0 0 1.37143e-05 6.27481e-06 0 5.13315e-06 5.83015e-06 0 0 0 0 0 0 0 0 0 0 8.07444e-06 0 0 0 2.71347e-05 3.1913e-05 0 0 0 0 0 0 0 0 0 0 0 0 0 0 0 0 0 0 0 0 0 0 0 0 0 0 0 0 0 0 0 0 0 0 0 0 0 0 0 0 0 0 
0 0 0 0 0 0 0 0 0 0 0 0 0 0 0 0 0 0 0 0 0 0 0 0 0 0 0 0 0 0 0 0 0 0 6.67479e-06 0 0 0 0 0 0 0 0 0 0 0 0 0 0 0 0 0 0 0 0 0 1.31662e-05 0 0 0 0 0 0 0 0 0 0 0 0 0 0 0 0 0 0 0 0 0 0 0 0 0 0 0 0 0 0 0 0 0 0 0 0 0 0 0 0 0 0 0 
0 0 0 0 0 0 0 0 0 0 0 0 0 0 0 0 0 0 0 0 0 0 0 0 0 0 0 0 0 0 0 0 0 0 0 0 0 0 0 0 0 0 0 0 0 0 0 0 0 0 0 0 0 0 0 0 0 0 0 0 0 0 0 0 0 0 0 0 0 0 0 0 0 0 0 0 0 0 0 0 0 0 0 0 0 0 0 0 0 0 0 0 0 0 0 0 0 0 0 0 
0 0 0 0 0 0 0 0 0 0 0 0 0 0 0 0 0 0 0 0 0 0 0 0 0 0 0 0 0 0 0 0 0 0 0 0 0 0 0 0 0 0 0 0 0 0 0 0 0 0 0 0 0 0 0 0 0 0 0 0 0 0 0 0 0 0 0 0 0 0 0 0 0 0 0 0 0 0 0 0 0 0 0 0 0 0 0 0 0 0 0 0 0 0 0 0 0 0 0 0 
0 0 0 0 0 0 0 0 0 0 0 0 0 0 0 0 0 0 0 0 0 0 0 0 0 0 0 0 0 0 0 0 0 0 0 0 0 0 0 0 0 0 0 0 0 0 0 0 0 0 0 0 0 0 0 0 0 0 0 0 0 0 0 0 0 0 0 0 0 0 0 0 0 0 0 0 0 0 0 0 0 0 0 0 0 0 0 0 0 0 0 0 0 0 0 0 0 0 0 0 
0 0 0 0 0 0 0 0 0 0 0 0 0 0 0 0 0 0 0 0 0 0 0 0 0 0 0 0 0 0 0 0 0 0 0 0 0 0 0 0 0 0 0 0 0 0 0 0 0 0 0 0 0 0 0 0 0 0 0 0 0 0 0 0 0 0 0 0 0 0 0 0 0 0 0 0 0 0 0 0 0 0 0 0 0 0 0 0 0 0 0 0 0 0 0 0 0 0 0 0 
0 0 0 0 0 0 0 0 0 0 0 0 0 0 0 0 0 0 0 0 0 0 0 0 0 0 0 0 0 0 0 0 0 0 0 0 0 0 0 0 0 0 0 0 0 0 0 0 0 0 0 0 0 0 0 0 0 0 0 0 0 0 0 0 0 0 0 0 0 0 0 0 0 0 0 0 0 0 0 0 0 0 0 0 0 0 0 0 0 0 0 0 0 0 0 0 0 0 0 0 
0 0 0 0 0 0 0 0 0 0 0 0 0 0 0 0 0 0 0 0 0 0 0 0 0 0 0 0 0 0 0 0 0 0 0 0 0 0 0 0 0 0 0 0 0 0 0 0 0 0 0 0 0 0 0 0 0 0 0 0 0 0 0 0 0 0 0 0 0 0 0 0 0 0 0 0 0 0 0 0 0 0 0 0 0 0 0 0 0 0 0 0 0 0 0 0 0 0 0 0 
0 0 0 0 0 0 0 0 0 0 0 0 0 0 0 0 0 0 0 0 0 0 0 0 0 0 0 0 0 0 0 0 0 0 0 0 0 0 0 0 0 0 0 0 0 0 0 0 0 0 0 0 0 0 0 0 0 0 0 0 0 0 0 0 0 0 0 0 0 0 0 0 0 0 0 0 0 0 0 0 0 0 0 0 0 0 0 0 0 0 0 0 0 0 0 0 0 0 0 0 
0 0 0 0 0 0 0 0 0 0 0 0 0 0 0 0 0 0 0 0 0 0 0 0 0 0 0 0 0 0 0 0 0 0 0 0 0 0 0 0 0 0 0 0 0 0 0 0 0 0 0 0 0 0 0 0 0 0 0 0 0 0 0 0 0 0 0 0 0 0 0 0 0 0 0 0 0 0 0 0 0 0 0 0 0 0 0 0 0 0 0 0 0 0 0 0 0 0 0 0 
0 0 0 0 0 0 0 0 0 0 0 0 0 0 0 0 0 0 0 0 0 0 0 0 0 0 0 0 0 0 0 0 0 0 0 0 0 0 0 0 0 0 0 0 0 0 0 0 0 0 0 0 0 0 0 0 0 0 0 0 0 0 0 0 0 0 0 0 0 0 0 0 0 0 0 0 0 0 0 0 0 0 0 0 0 0 0 0 0 0 0 0 0 0 0 0 0 0 0 0 
0 0 0 0 0 0 0 0 0 0 0 0 0 0 0 0 0 0 0 0 0 0 0 0 0 0 0 0 0 0 0 0 0 0 0 0 0 0 0 0 0 0 0 0 0 0 0 0 0 0 0 0 0 0 0 0 0 0 0 0 0 0 0 0 0 0 0 0 0 0 0 0 0 0 0 0 0 0 0 0 0 0 0 0 0 0 0 0 0 0 0 0 0 0 0 0 0 0 0 0 
0 0 0 0 0 0 0 0 0 0 0 0 0 0 0 0 0 0 0 0 0 0 0 0 0 0 0 0 0 0 0 0 0 0 0 0 0 0 0 0 0 0 0 0 0 0 0 0 0 0 0 0 0 0 0 0 0 0 0 0 0 0 0 0 0 0 0 0 0 0 0 0 0 0 0 0 0 0 0 0 0 0 0 0 0 0 0 0 0 0 0 0 0 0 0 0 0 0 0 0 
0 0 0 0 0 0 0 0 0 0 0 0 0 0 0 0 0 0 0 0 0 0 0 0 0 0 0 0 0 0 0 0 0 0 0 0 0 0 0 0 0 0 0 0 0 0 0 0 0 0 0 0 0 0 0 0 0 0 0 0 0 0 0 0 0 0 0 0 0 0 0 0 0 0 0 0 0 0 0 0 0 0 0 0 0 0 0 0 0 0 0 0 0 0 0 0 0 0 0 0 
0 0 0 0 0 0 0 0 0 0 0 0 0 0 0 0 0 0 0 0 0 0 0 0 0 0 0 0 0 0 0 0 0 0 0 0 0 0 0 0 0 0 0 0 0 0 0 0 0 0 0 0 0 0 0 0 0 0 0 0 0 0 0 0 0 0 0 0 0 0 0 0 0 0 0 0 0 0 0 0 0 0 0 0 0 0 0 0 0 0 0 0 0 0 0 0 0 0 0 0 
0 0 0 0 0 0 0 0 0 0 0 0 0 0 0 0 0 0 0 0 0 0 0 0 0 0 0 0 0 0 0 0 0 0 0 0 0 0 0 0 0 0 0 0 0 0 0 0 0 0 0 0 0 0 0 0 0 0 0 0 0 0 0 0 0 0 0 0 0 0 0 0 0 0 0 0 0 0 0 0 0 0 0 0 0 0 0 0 0 0 0 0 0 0 0 0 0 0 0 0 
0 0 0 0 0 0 0 0 0 0 0 0 0 0 0 0 0 0 0 0 0 0 0 0 0 0 0 0 0 0 0 0 0 0 0 0 0 0 0 0 0 0 0 0 0 0 0 0 0 0 0 0 0 0 0 0 0 0 0 0 0 0 0 0 0 0 0 0 0 0 0 0 0 0 0 0 0 0 0 0 0 0 0 0 0 0 0 0 0 0 0 0 0 0 0 0 0 0 0 0 
0 0 0 0 0 0 0 0 0 0 0 0 0 0 0 0 0 0 0 0 0 0 0 0 0 0 0 0 0 0 0 0 0 0 0 0 0 0 0 0 0 0 0 0 0 0 0 0 0 0 0 0 0 0 0 0 0 0 0 0 0 0 0 0 0 0 0 0 0 0 0 0 0 0 0 0 0 0 0 0 0 0 0 0 0 0 0 0 0 0 0 0 0 0 0 0 0 0 0 0 
0 0 0 0 0 0 0 0 0 0 0 0 0 0 0 0 0 0 0 0 0 0 0 0 0 0 0 0 0 0 0 0 0 0 0 0 0 0 0 0 0 0 0 0 0 0 0 0 0 0 0 0 0 0 0 0 0 0 0 0 0 0 0 0 0 0 0 0 0 0 0 0 0 0 0 0 0 0 0 0 0 0 0 0 0 0 0 0 0 0 0 0 0 0 0 0 0 0 0 0 
0 0 0 0 0 0 0 0 0 0 0 0 0 0 0 0 0 0 0 0 0 0 0 0 0 0 0 0 0 0 0 0 0 0 0 0 0 0 0 0 0 0 0 0 0 0 0 0 0 0 0 0 0 0 0 0 0 0 0 0 0 0 0 0 0 0 0 0 0 0 0 0 0 0 0 0 0 0 0 0 0 0 0 0 0 0 0 0 0 0 0 0 0 0 0 0 0 0 0 0 
0 0 0 0 0 0 0 0 0 0 0 0 0 0 0 0 0 0 0 0 0 0 0 0 0 0 0 0 0 0 0 0 0 0 0 0 0 0 0 0 0 0 0 0 0 0 0 0 0 0 0 0 0 0 0 0 0 0 0 0 0 0 0 0 0 0 0 0 0 0 0 0 0 0 0 0 0 0 0 0 0 0 0 0 0 0 0 0 0 0 0 0 0 0 0 0 0 0 0 0 
0 0 0 0 0 0 0 0 0 0 0 0 0 0 0 0 0 0 0 0 0 0 0 0 0 0 0 0 0 0 0 0 0 0 0 0 0 0 0 0 0 0 0 0 0 0 0 0 0 0 0 0 0 0 0 0 0 0 0 0 0 0 0 0 0 0 0 0 0 0 0 0 0 0 0 0 0 0 0 0 0 0 0 0 0 0 0 0 0 0 0 0 0 0 0 0 0 0 0 0 
0 0 0 0 0 0 0 0 0 0 0 0 0 0 0 0 0 0 0 0 0 0 0 0 0 0 0 0 0 0 0 0 0 0 0 0 0 0 0 0 0 0 0 0 0 0 0 0 0 0 0 0 0 0 0 0 0 0 0 0 0 0 0 0 0 0 0 0 0 0 0 0 0 0 0 0 0 0 0 0 0 0 0 0 0 0 0 0 0 0 0 0 0 0 0 0 0 0 0 0 
0 0 0 0 0 0 0 0 0 0 0 0 0 0 0 0 0 0 0 0 0 0 0 0 0 0 0 0 0 0 0 0 0 0 0 0 0 0 0 0 0 0 0 0 0 0 0 0 0 0 0 0 0 0 0 0 0 0 0 0 0 0 0 0 0 0 0 0 0 0 0 0 0 0 0 0 0 0 0 0 0 0 0 0 0 0 0 0 0 0 0 0 0 0 0 0 0 0 0 0 
0 0 0 0 0 0 0 0 0 0 0 0 0 0 0 0 0 0 0 0 0 0 0 0 0 0 0 0 0 0 0 0 0 0 0 0 0 0 0 0 0 0 0 0 0 0 0 0 0 0 0 0 0 0 0 0 0 0 0 0 0 0 0 0 0 0 0 0 0 0 0 0 0 0 0 0 0 0 0 0 0 0 0 0 0 0 0 0 0 0 0 0 0 0 0 0 0 0 0 0 
0 0 0 0 0 0 0 0 0 0 0 0 0 0 0 0 0 0 0 0 0 0 0 0 0 0 0 0 0 0 0 0 0 0 0 0 0 0 0 0 0 0 0 0 0 0 0 0 0 0 0 0 0 0 0 0 0 0 0 0 0 0 0 0 0 0 0 0 0 0 0 0 0 0 0 0 0 0 0 0 0 0 0 0 0 0 0 0 0 0 0 0 0 0 0 0 0 0 0 0 
0 0 0 0 0 0 0 0 0 0 0 0 0 0 0 0 0 0 0 0 0 0 0 0 0 0 0 0 0 0 0 0 0 0 0 0 0 0 0 0 0 0 0 0 0 0 0 0 0 0 0 0 0 0 0 0 0 0 0 0 0 0 0 0 0 0 0 0 0 0 0 0 0 0 0 0 0 0 0 0 0 0 0 0 0 0 0 0 0 0 0 0 0 0 0 0 0 0 0 0 
0 0 0 0 0 0 0 0 0 0 0 0 0 0 0 0 0 0 0 0 0 0 0 0 0 0 0 0 0 0 0 0 0 0 0 0 0 0 0 0 0 0 0 0 0 0 0 0 0 0 0 0 0 0 0 0 0 0 0 0 0 0 0 0 0 0 0 0 0 0 0 0 0 0 0 0 0 0 0 0 0 0 0 0 0 0 0 0 0 0 0 0 0 0 0 0 0 0 0 0 
0 0 0 0 0 0 0 0 0 0 0 0 0 0 0 0 0 0 0 0 0 0 0 0 0 0 0 0 0 0 0 0 0 0 0 0 0 0 0 0 0 0 0 0 0 0 0 0 0 0 0 0 0 0 0 0 0 0 0 0 0 0 0 0 0 0 0 0 0 0 0 0 0 0 0 0 0 0 0 0 0 0 0 0 0 0 0 0 0 0 0 0 0 0 0 0 0 0 0 0 
0 0 0 0 0 0 0 0 0 0 0 0 0 0 0 0 0 0 0 0 0 0 0 0 0 0 0 0 0 0 0 0 0 0 0 0 0 0 0 0 0 0 0 0 0 0 0 0 0 0 0 0 0 0 0 0 0 0 0 0 0 0 0 0 0 0 0 0 0 0 0 0 0 0 0 0 0 0 0 0 0 0 0 0 0 0 0 0 0 0 0 0 0 0 0 0 0 0 0 0 
0 0 0 0 0 0 0 0 0 0 0 0 0 0 0 0 0 0 0 0 0 0 0 0 0 0 0 0 0 0 0 0 0 0 0 0 0 0 0 0 0 0 0 0 0 0 0 0 0 0 0 0 0 0 0 0 0 0 0 0 0 0 0 0 0 0 0 0 0 0 0 0 0 0 0 0 0 0 0 0 0 0 0 0 0 0 0 0 0 0 0 0 0 0 0 0 0 0 0 0 
0 0 0 0 0 0 0 0 0 0 0 0 0 0 0 0 0 0 0 0 0 0 0 0 0 0 0 0 0 0 0 0 0 0 0 0 0 0 0 0 0 0 0 0 0 0 0 0 0 0 0 0 0 0 0 0 0 0 0 0 0 0 0 0 0 0 0 0 0 0 0 0 0 0 0 0 0 0 0 0 0 0 0 0 0 0 0 0 0 0 0 0 0 0 0 0 0 0 0 0 
0 0 0 0 0 0 0 0 0 0 0 0 0 0 0 0 0 0 0 0 0 0 0 0 0 0 0 0 0 0 0 0 0 0 0 0 0 0 0 0 0 0 0 0 0 0 0 0 0 0 0 0 0 0 0 0 0 0 0 0 0 0 0 0 0 0 0 0 0 0 0 0 0 0 0 0 0 0 0 0 0 0 0 0 0 0 0 0 0 0 0 0 0 0 0 0 0 0 0 0 
0 0 0 0 0 0 0 0 0 0 0 0 0 0 0 0 0 0 0 0 0 0 0 0 0 0 0 0 0 0 0 0 0 0 0 0 0 0 0 0 0 0 0 0 0 0 0 0 0 0 0 0 0 0 0 0 0 0 0 0 0 0 0 0 0 0 0 0 0 0 0 0 0 0 0 0 0 0 0 0 0 0 0 0 0 0 0 0 0 0 0 0 0 0 0 0 0 0 0 0 
0 0 0 0 0 0 0 0 0 0 0 0 0 0 0 0 0 0 0 0 0 0 0 0 0 0 0 0 0 0 0 0 0 0 0 0 0 0 0 0 0 0 0 0 0 0 0 0 0 0 0 0 0 0 0 0 0 0 0 0 0 0 0 0 0 0 0 0 0 0 0 0 0 0 0 0 0 0 0 0 0 0 0 0 0 0 0 0 0 0 0 0 0 0 0 0 0 0 0 0 
0 0 0 0 0 0 0 0 0 0 0 0 0 0 0 0 0 0 0 0 0 0 0 0 0 0 0 0 0 0 0 0 0 0 0 0 0 0 0 0 0 0 0 0 0 0 0 0 0 0 0 0 0 0 0 0 0 0 0 0 0 0 0 0 0 0 0 0 0 0 0 0 0 0 0 0 0 0 0 0 0 0 0 0 0 0 0 0 0 0 0 0 0 0 0 0 0 0 0 0 
0 0 0 0 0 0 0 0 0 0 0 0 0 0 0 0 0 0 0 0 0 0 0 0 0 0 0 0 0 0 0 0 0 0 0 0 0 0 0 0 0 0 0 0 0 0 0 0 0 0 0 0 0 0 0 0 0 0 0 0 0 0 0 0 0 0 0 0 0 0 0 0 0 0 0 0 0 0 0 0 0 0 0 0 0 0 0 0 0 0 0 0 0 0 0 0 0 0 0 0 
0 0 0 0 0 0 0 0 0 0 0 0 0 0 0 0 0 0 0 0 0 0 0 0 0 0 0 0 0 0 0 0 0 0 0 0 0 0 0 0 0 0 0 0 0 0 0 0 0 0 0 0 0 0 0 0 0 0 0 0 0 0 0 0 0 0 0 0 0 0 0 0 0 0 0 0 0 0 0 0 0 0 0 0 0 0 0 0 0 0 0 0 0 0 0 0 0 0 0 0 
0 0 0 0 0 0 0 0 0 0 0 0 0 0 0 0 0 0 0 0 0 0 0 0 0 0 0 0 0 0 0 0 0 0 0 0 0 0 0 0 0 0 0 0 0 0 0 0 0 0 0 0 0 0 0 0 0 0 0 0 0 0 0 0 0 0 0 0 0 0 0 0 0 0 0 0 0 0 0 0 0 0 0 0 0 0 0 0 0 0 0 0 0 0 0 0 0 0 0 0 
0 0 0 0 0 0 0 0 0 0 0 0 0 0 0 0 0 0 0 0 0 0 0 0 0 0 0 0 0 0 0 0 0 0 0 0 0 0 0 0 0 0 0 0 0 0 0 0 0 0 0 0 0 0 0 0 0 0 0 0 0 0 0 0 0 0 0 0 0 0 0 0 0 0 0 0 0 0 0 0 0 0 0 0 0 0 0 0 0 0 0 0 0 0 0 0 0 0 0 0 
0 0 0 0 0 0 0 0 0 0 0 0 0 0 0 0 0 0 0 0 0 0 0 0 0 0 0 0 0 0 0 0 0 0 0 0 0 0 0 0 0 0 0 0 0 0 0 0 0 0 0 0 0 0 0 0 0 0 0 0 0 0 0 0 0 0 0 0 0 0 0 0 0 0 0 0 0 0 0 0 0 0 0 0 0 0 0 0 0 0 0 0 0 0 0 0 0 0 0 0 
0 0 0 0 0 0 0 0 0 0 0 0 0 0 0 0 0 0 0 0 0 0 0 0 0 0 0 0 0 0 0 0 0 0 0 0 0 0 0 0 0 0 0 0 0 0 0 0 0 0 0 0 0 0 0 0 0 0 0 0 0 0 0 0 0 0 0 0 0 0 0 0 0 0 0 0 0 0 0 0 0 0 0 0 0 0 0 0 0 0 0 0 0 0 0 0 0 0 0 0 
0 0 0 0 0 0 0 0 0 0 0 0 0 0 0 0 0 0 0 0 0 0 0 0 0 0 0 0 0 0 0 0 0 0 0 0 0 0 0 0 0 0 0 0 0 0 0 0 0 0 0 0 0 0 0 0 0 0 0 0 0 0 0 0 0 0 0 0 0 0 0 0 0 0 0 0 0 0 0 0 0 0 0 0 0 0 0 0 0 0 0 0 0 0 0 0 0 0 0 0 
0 0 0 0 0 0 0 0 0 0 0 0 0 0 0 0 0 0 0 0 0 0 0 0 0 0 0 0 0 0 0 0 0 0 0 0 0 0 0 0 0 0 0 0 0 0 0 0 0 0 0 0 0 0 0 0 0 0 0 0 0 0 0 0 0 0 0 0 0 0 0 0 0 0 0 0 0 0 0 0 0 0 0 0 0 0 0 0 0 0 0 0 0 0 0 0 0 0 0 0 
