#################################### 
# Matrix Size= (40,50,0.275)
# Resol      = (100,100,1)
# VoxelSize  = (0.4,0.5,0.275)
# nbVal      = 10000
#################################### 
0 0 0 0 0 0 0 0 0 0 0 0 0 0 0 0 0 0 0 0 0 0 0 0 0 0 0 0 0 0 0 0 0 0 2.14377e-06 9.5863e-07 2.7876e-06 5.00889e-06 4.62632e-06 6.21913e-06 3.14448e-06 6.89817e-06 1.12638e-05 1.75744e-05 7.2141e-06 6.60886e-06 1.03426e-05 1.0189e-05 1.67348e-05 8.05515e-06 1.05077e-05 1.08987e-05 1.53268e-05 9.52915e-06 1.2642e-05 9.30359e-06 1.03628e-05 1.29175e-05 5.94053e-06 1.34248e-05 9.37014e-06 1.03147e-05 1.54138e-06 1.02011e-06 0 1.72553e-06 0 0 0 0 0 0 1.57389e-06 0 0 1.54287e-06 0 0 0 0 0 0 0 0 0 0 0 0 0 0 0 0 0 0 0 0 0 0 0 0 
0 0 0 0 0 0 0 0 0 0 0 0 0 0 0 0 0 0 0 0 0 0 0 0 0 0 0 0 0 0 0 0 0 0 3.64982e-06 9.34966e-07 4.03599e-06 6.22525e-06 2.66181e-06 6.82402e-06 2.98139e-06 7.80901e-06 7.96013e-06 1.74158e-05 7.8481e-06 9.64397e-06 9.86482e-06 9.57966e-06 1.69128e-05 8.69849e-06 1.07844e-05 1.17226e-05 1.46693e-05 8.0813e-06 1.38281e-05 7.95043e-06 1.21901e-05 1.42035e-05 8.43346e-06 1.20424e-05 8.6044e-06 1.0242e-05 1.62515e-06 1.71776e-06 0 3.06625e-07 1.64901e-06 0 0 0 0 0 1.8302e-06 9.72636e-07 0 1.58847e-06 0 0 0 0 0 0 0 0 0 0 0 0 0 0 0 0 0 0 0 0 0 0 0 0 
0 0 0 0 0 0 0 0 0 0 0 0 0 0 0 0 0 0 0 0 0 0 0 0 0 0 0 0 0 0 0 0 0 1.03206e-06 2.29162e-06 1.45378e-06 3.52157e-06 5.15013e-06 1.5295e-06 9.73935e-06 2.19849e-06 1.22728e-05 6.29849e-06 1.45773e-05 7.33131e-06 1.18489e-05 9.25325e-06 1.01577e-05 1.28341e-05 7.78642e-06 1.00239e-05 1.00112e-05 1.30026e-05 9.05985e-06 1.35394e-05 7.4308e-06 1.06966e-05 1.51778e-05 8.15262e-06 1.26926e-05 8.04355e-06 6.77374e-06 3.45867e-06 1.67788e-06 0 0 1.22006e-06 0 0 0 0 0 0 0 2.07529e-06 2.06115e-06 0 0 0 0 0 0 0 0 0 0 0 0 0 0 0 0 0 0 0 0 0 0 0 0 
0 0 0 0 0 0 0 0 0 0 0 0 0 0 0 0 0 0 0 0 0 0 0 0 0 0 0 0 0 0 0 0 0 4.42842e-06 0 1.74974e-06 4.58031e-06 3.42832e-06 2.31738e-06 6.23705e-06 3.19642e-06 7.71896e-06 6.39137e-06 1.58296e-05 5.08318e-06 9.80064e-06 1.18214e-05 1.00505e-05 1.33095e-05 9.07728e-06 9.79293e-06 9.55531e-06 1.29461e-05 1.03628e-05 1.29209e-05 6.9824e-06 1.20103e-05 1.39901e-05 1.08513e-05 1.54192e-05 5.88963e-06 7.00866e-06 2.83659e-06 1.70657e-06 0 0 1.939e-06 1.1952e-06 0 0 0 0 0 0 9.34196e-07 2.88437e-06 0 0 0 0 0 0 0 0 0 0 0 0 0 0 0 0 0 0 0 0 0 0 0 0 
0 0 0 0 0 0 0 0 0 0 0 0 0 0 0 0 0 0 0 0 0 0 0 0 0 0 0 0 0 0 0 0 0 1.39733e-06 0 2.68027e-06 5.91061e-06 2.39887e-06 1.20596e-06 6.38773e-06 2.67387e-06 8.36305e-06 6.54394e-06 1.48607e-05 5.72412e-06 1.09844e-05 1.10435e-05 1.23412e-05 1.53643e-05 7.00952e-06 1.26142e-05 9.82471e-06 1.23375e-05 1.20949e-05 1.04071e-05 7.88098e-06 1.25594e-05 1.19076e-05 8.401e-06 1.67618e-05 5.53378e-06 8.6867e-06 1.73904e-06 1.57602e-06 5.75653e-07 0 1.96174e-06 1.83444e-06 0 0 0 0 0 1.2046e-06 3.85706e-07 1.96783e-06 1.91504e-06 0 0 0 0 0 0 0 0 0 0 0 0 0 0 0 0 0 0 0 0 0 0 0 
0 0 0 0 0 0 0 0 0 0 0 0 0 0 0 0 0 0 0 0 0 0 0 0 0 0 0 0 0 0 0 0 0 5.96108e-07 0 3.47172e-06 3.1101e-06 1.91212e-06 1.96433e-06 6.35898e-06 4.04818e-06 9.68723e-06 6.887e-06 1.60428e-05 1.84578e-05 1.07056e-05 7.5775e-06 1.19045e-05 1.48865e-05 3.35083e-06 1.7764e-05 7.52517e-06 1.29257e-05 1.54588e-05 1.30714e-05 7.98344e-06 9.57736e-06 1.05283e-05 8.17205e-06 1.45525e-05 4.51348e-06 9.64594e-06 1.80717e-06 2.5684e-06 1.78157e-06 0 1.63892e-06 1.61291e-06 0 0 0 0 0 0 1.78506e-06 0 3.77237e-06 0 0 0 0 0 0 0 0 0 0 0 0 0 0 0 0 0 0 0 0 0 0 0 
0 0 0 0 0 0 0 0 0 0 0 0 0 0 0 0 0 0 0 0 0 0 0 0 0 0 0 0 0 0 0 0 0 0 1.38206e-06 3.40213e-07 3.70241e-06 1.48197e-06 1.46435e-06 8.74495e-06 6.25077e-06 9.83004e-06 7.9397e-06 1.67356e-05 8.54798e-06 1.14065e-05 1.08097e-05 1.19539e-05 1.53627e-05 3.51104e-06 1.76565e-05 6.11267e-06 1.42571e-05 1.63611e-05 1.53706e-05 9.21441e-06 7.82927e-06 1.24708e-05 1.04007e-05 1.14447e-05 5.81196e-06 8.075e-06 2.65415e-06 3.06216e-06 1.45205e-06 0 3.22567e-07 1.75624e-06 1.32294e-06 0 0 0 0 0 1.77788e-06 0 1.9285e-06 0 0 0 0 0 0 0 0 0 0 0 0 0 0 0 0 0 0 0 0 0 0 0 
0 0 0 0 0 0 0 0 0 0 0 0 0 0 0 0 0 0 0 0 0 0 0 0 0 0 0 0 0 0 0 0 0 0 1.61842e-06 0 2.8585e-06 1.92232e-06 1.9144e-06 9.55097e-06 5.86351e-06 8.31131e-06 9.97402e-06 1.49559e-05 1.00253e-05 1.34055e-05 9.24484e-06 1.04502e-05 1.63384e-05 2.85847e-06 1.2518e-05 6.25236e-06 1.62018e-05 1.62546e-05 1.49919e-05 9.08734e-06 9.55255e-06 1.07843e-05 8.74684e-06 1.03122e-05 9.48171e-06 8.18149e-06 2.79104e-06 1.73929e-06 2.98255e-06 2.84662e-07 0 1.79224e-06 1.81878e-06 0 0 0 0 0 3.85608e-07 1.27452e-06 1.63604e-06 0 0 0 0 0 0 0 0 0 0 0 0 0 0 0 0 0 0 0 0 0 0 0 
0 0 0 0 0 0 0 0 0 0 0 0 0 0 0 0 0 0 0 0 0 0 0 0 0 0 0 0 0 0 0 0 0 0 1.68989e-06 0 3.65533e-06 1.81187e-06 1.96876e-06 6.82129e-06 4.97559e-06 1.00436e-05 1.1461e-05 1.50657e-05 1.05529e-05 1.54141e-05 9.21839e-06 1.06056e-05 1.62347e-05 4.39288e-06 1.00546e-05 5.48203e-06 1.61752e-05 1.59367e-05 1.90768e-05 8.17236e-06 1.22531e-05 7.86548e-06 8.59934e-06 1.8411e-05 9.17417e-06 7.95943e-06 1.35093e-06 1.67915e-06 1.30907e-06 1.63171e-06 0 1.65236e-06 1.70558e-06 0 0 0 0 0 0 1.79661e-06 1.16502e-06 6.57572e-07 0 0 0 0 0 0 0 0 0 0 0 0 0 0 0 0 0 0 0 0 0 0 
0 0 0 0 0 0 0 0 0 0 0 0 0 0 0 0 0 0 0 0 0 0 0 0 0 0 0 0 0 0 0 0 0 0 1.99494e-06 0 3.64596e-06 1.51914e-06 1.35375e-06 7.87126e-06 4.28761e-06 1.09991e-05 1.22491e-05 1.27675e-05 1.26842e-05 1.64501e-05 7.38309e-06 1.2791e-05 1.6747e-05 4.05144e-06 1.14621e-05 6.12464e-06 1.46177e-05 1.85422e-05 1.72112e-05 7.67241e-06 8.10082e-06 5.77586e-06 5.86969e-06 1.30622e-05 9.59086e-06 6.90179e-06 1.83395e-06 2.09918e-06 1.46069e-06 2.00483e-06 0 2.12224e-06 1.86739e-06 0 0 0 0 0 0 1.87013e-06 3.08316e-07 1.74664e-06 0 0 0 0 0 0 0 0 0 0 0 0 0 0 0 0 0 0 0 0 0 0 
0 0 0 0 0 0 0 0 0 0 0 0 0 0 0 0 0 0 0 0 0 0 0 0 0 0 0 0 0 0 0 6.30924e-07 0 0 1.66589e-06 2.67081e-07 1.8236e-06 1.65959e-06 1.62539e-06 7.2897e-06 6.78635e-06 1.14005e-05 1.22313e-05 1.50166e-05 1.21567e-05 1.33395e-05 8.71816e-06 1.12722e-05 2.03983e-05 5.49162e-06 1.13435e-05 6.5344e-06 1.35125e-05 2.06182e-05 2.05267e-05 1.24007e-05 9.59469e-06 5.13301e-06 8.75063e-06 9.43462e-06 8.94501e-06 8.11875e-06 2.27931e-06 2.08856e-06 2.05521e-06 1.89255e-06 0 1.76609e-06 1.94164e-06 0 0 0 0 0 0 0 0 2.19767e-06 0 0 0 0 0 0 0 0 0 0 0 0 0 0 0 0 0 0 0 0 0 0 
0 0 0 0 0 0 0 0 0 0 0 0 0 0 0 0 0 0 0 0 0 0 0 0 0 0 0 0 0 0 0 1.76672e-06 0 1.98951e-06 0 0 1.52349e-06 3.88834e-06 3.21404e-06 4.91896e-06 7.71651e-06 1.21774e-05 1.52422e-05 1.45605e-05 1.03814e-05 1.58225e-05 9.76105e-06 9.47351e-06 1.97936e-05 1.13685e-05 1.02632e-05 6.97504e-06 1.32401e-05 2.01354e-05 1.81889e-05 1.07174e-05 9.03149e-06 5.62529e-06 1.09235e-05 9.65783e-06 9.12511e-06 7.07733e-06 1.55733e-06 2.13387e-06 1.31219e-06 1.83875e-06 0 0 2.64297e-06 1.69418e-06 0 0 0 0 0 0 0 1.70618e-06 0 0 0 0 0 0 0 0 0 0 0 0 0 0 0 0 0 0 0 0 0 0 
0 0 0 0 0 0 0 0 0 0 0 0 0 0 0 0 0 0 0 0 0 0 0 0 0 0 0 0 0 0 4.16071e-07 1.64993e-06 0 1.93962e-06 0 0 2.0928e-06 3.43071e-06 3.71311e-06 5.78856e-06 8.74188e-06 1.2384e-05 1.27471e-05 1.40675e-05 1.16938e-05 1.54712e-05 1.27626e-05 7.83405e-06 1.80558e-05 1.39124e-05 7.10804e-06 5.29005e-06 1.09119e-05 1.69156e-05 1.79195e-05 1.34944e-05 7.20911e-06 5.21113e-06 1.05044e-05 1.02584e-05 1.07539e-05 6.94662e-06 2.83337e-06 1.58736e-06 2.1197e-06 1.80945e-06 0 0 1.66093e-06 1.34351e-06 0 0 0 0 0 0 0 2.08937e-06 0 0 0 0 0 0 0 0 0 0 0 0 0 0 0 0 0 0 0 0 0 0 
0 0 0 0 0 0 0 0 0 0 0 0 0 0 0 0 0 0 0 0 0 0 0 0 0 0 0 0 0 0 1.85674e-06 0 0 2.0164e-06 0 0 2.04451e-06 3.92776e-06 4.38816e-06 4.98603e-06 8.44894e-06 1.11243e-05 1.28168e-05 1.17463e-05 1.22025e-05 1.71301e-05 1.4882e-05 8.30309e-06 1.82648e-05 9.84446e-06 9.57379e-06 6.01935e-06 1.0274e-05 1.68824e-05 2.0476e-05 1.12077e-05 5.61292e-06 6.15917e-06 1.03908e-05 9.75707e-06 9.05728e-06 1.03233e-05 3.05792e-06 2.64002e-06 1.35263e-06 1.75971e-06 0 0 1.43448e-06 1.8591e-06 0 0 0 0 0 0 0 0 8.95762e-07 0 0 0 0 0 0 0 0 0 0 0 0 0 0 0 0 0 0 0 0 0 
0 0 0 0 0 0 0 0 0 0 0 0 0 0 0 0 0 0 0 0 0 0 0 0 0 0 0 0 0 0 1.15368e-06 0 0 2.0023e-06 0 0 2.53149e-06 2.47042e-06 3.3e-06 4.92031e-06 5.88683e-06 1.30071e-05 1.073e-05 1.07594e-05 1.17005e-05 2.04704e-05 1.30706e-05 6.24939e-06 2.30184e-05 9.93079e-06 1.30854e-05 3.52164e-06 1.44464e-05 1.61775e-05 2.31125e-05 1.42171e-05 5.79122e-06 5.52857e-06 1.18202e-05 6.57885e-06 8.92323e-06 8.42307e-06 4.47613e-06 1.95872e-06 2.07809e-06 1.69864e-06 0 0 2.20491e-06 7.52015e-07 0 0 0 3.66159e-07 0 0 0 0 0 0 0 0 0 7.3826e-07 7.30497e-07 0 0 0 0 0 0 0 0 0 0 0 0 0 0 0 
0 0 0 0 0 0 0 0 0 0 0 0 0 0 0 0 0 0 0 0 0 0 0 0 0 0 0 0 0 0 0 0 2.99488e-07 3.19887e-06 0 0 4.79709e-06 2.08824e-06 3.68236e-06 7.24139e-06 6.69246e-06 1.37392e-05 1.16993e-05 1.22227e-05 1.40022e-05 1.35149e-05 1.4236e-05 6.95213e-06 2.21322e-05 1.02272e-05 1.36755e-05 4.93368e-06 1.589e-05 1.93296e-05 2.41632e-05 1.33642e-05 5.88644e-06 7.96333e-06 1.35664e-05 6.62897e-06 8.86615e-06 9.50024e-06 2.11326e-06 3.77535e-06 1.45139e-06 3.47618e-07 0 0 1.54906e-06 7.63901e-07 0 0 0 2.14993e-06 0 0 0 0 0 0 0 0 0 0 1.89363e-06 0 0 0 0 0 0 0 0 0 0 0 0 0 0 0 
0 0 0 0 0 0 0 0 0 0 0 0 0 0 0 0 0 0 0 0 0 0 0 0 0 0 0 0 0 0 0 0 2.15188e-06 1.08106e-06 0 0 5.09743e-06 1.24838e-06 4.34979e-06 1.14033e-05 7.17614e-06 1.39687e-05 1.68875e-05 1.31407e-05 1.32197e-05 1.49277e-05 1.39484e-05 9.7296e-06 2.21809e-05 1.28384e-05 8.82209e-06 5.0516e-06 1.49058e-05 1.88069e-05 2.42101e-05 1.12572e-05 3.23533e-06 7.44502e-06 1.28332e-05 8.9944e-06 9.44429e-06 9.99007e-06 1.99797e-06 2.83913e-06 4.85097e-06 1.03663e-06 0 0 0 1.82455e-06 0 2.09778e-06 0 2.7225e-06 0 0 0 0 0 0 0 0 0 0 2.01463e-06 0 0 0 0 0 0 0 0 0 0 0 0 0 0 0 
0 0 0 0 0 0 0 0 0 0 0 0 0 0 0 0 0 0 0 0 0 0 0 0 0 0 0 0 0 0 0 0 3.85598e-06 0 0 1.95257e-06 4.30632e-06 3.30647e-06 3.55507e-06 1.0957e-05 8.24143e-06 1.68875e-05 2.01318e-05 1.42297e-05 1.23084e-05 1.48709e-05 1.32578e-05 8.89894e-06 1.53733e-05 1.13262e-05 1.40947e-05 4.59232e-06 1.21969e-05 2.1897e-05 2.06186e-05 1.47714e-05 4.72583e-06 7.00666e-06 1.31632e-05 9.02493e-06 9.88005e-06 1.00156e-05 4.07371e-06 2.29322e-06 3.63865e-06 3.01273e-06 0 0 0 2.07268e-06 0 1.59759e-06 3.12321e-07 0 2.1121e-06 0 0 0 0 0 0 0 0 0 0 2.75161e-06 0 0 0 0 0 0 0 0 0 0 0 0 0 0 
0 0 0 0 0 0 0 0 0 0 0 0 0 0 0 0 0 0 0 0 0 0 0 0 0 0 0 0 0 0 0 6.67165e-06 1.36087e-06 0 0 1.15906e-06 3.17835e-06 3.94432e-06 4.13662e-06 8.34664e-06 7.85079e-06 1.53983e-05 1.21876e-05 1.16315e-05 1.73448e-05 1.16617e-05 1.30126e-05 8.40911e-06 1.4006e-05 9.23176e-06 1.4114e-05 3.45534e-06 1.26254e-05 2.0634e-05 1.80792e-05 1.34208e-05 7.69311e-06 6.94103e-06 1.10708e-05 8.52099e-06 7.71765e-06 1.04233e-05 6.81613e-06 4.15021e-07 1.83783e-06 5.8219e-06 0 0 0 1.51333e-06 0 0 2.1114e-06 3.77396e-07 2.14738e-06 0 0 0 0 0 0 0 0 0 0 2.41108e-06 0 0 0 0 0 0 0 0 0 0 0 0 0 0 
0 0 0 0 0 0 0 0 0 0 0 0 0 0 0 0 0 0 0 0 0 0 0 0 0 0 0 0 0 0 0 5.95399e-06 0 0 0 0 4.78105e-06 3.7049e-06 5.43348e-06 8.17569e-06 6.06868e-06 1.85671e-05 1.19638e-05 1.24712e-05 1.07827e-05 1.4353e-05 1.7493e-05 7.72377e-06 1.51162e-05 9.64186e-06 1.47542e-05 2.2176e-06 1.18116e-05 1.78421e-05 2.39903e-05 9.30742e-06 6.67356e-06 6.68806e-06 1.35167e-05 8.07976e-06 1.11379e-05 1.12934e-05 8.56126e-06 0 1.73764e-06 2.5846e-06 4.40661e-07 0 0 2.41716e-06 0 0 1.94716e-06 1.31767e-06 2.25812e-06 0 0 0 0 0 0 0 0 0 0 3.67424e-07 2.17719e-06 0 0 0 0 0 0 0 0 0 0 0 0 0 
0 0 0 0 0 0 0 0 0 0 0 0 0 0 0 0 0 0 0 0 0 0 0 0 0 0 0 0 0 0 1.54925e-06 3.54225e-07 0 0 0 0 3.45446e-06 3.55244e-06 3.46616e-06 7.99777e-06 8.21408e-06 1.60105e-05 1.11514e-05 1.43397e-05 1.07527e-05 1.80419e-05 1.73302e-05 9.89467e-06 1.91739e-05 1.13953e-05 2.03888e-05 2.44231e-06 1.6417e-05 1.76597e-05 2.12421e-05 1.37361e-05 4.18556e-06 5.84905e-06 1.30895e-05 6.87036e-06 1.70316e-05 9.30968e-06 9.22185e-06 0 2.16221e-06 1.9082e-06 0 0 0 1.21985e-06 1.12847e-06 0 2.68891e-06 2.41466e-06 0 1.86913e-06 0 0 0 0 0 0 0 0 0 0 1.90884e-06 0 0 0 0 0 0 0 0 0 0 0 0 0 
0 0 0 0 0 0 0 0 0 0 0 0 0 0 0 0 0 0 0 0 0 0 0 0 0 0 0 0 0 0 3.13864e-06 0 3.11966e-06 0 0 0 4.9662e-06 4.23842e-06 4.81024e-06 5.78689e-06 1.25347e-05 1.73425e-05 1.24684e-05 1.60039e-05 9.86847e-06 1.54384e-05 1.78221e-05 6.60199e-06 2.30255e-05 8.49286e-06 1.98144e-05 3.11305e-06 1.44222e-05 1.6963e-05 2.19464e-05 1.5304e-05 5.23607e-06 6.68635e-06 1.62657e-05 7.85146e-06 1.55959e-05 1.15359e-05 9.86495e-06 0 3.51842e-06 1.84578e-06 0 0 0 0 2.15439e-06 0 2.16912e-06 1.22975e-06 3.94579e-07 1.75707e-06 0 0 0 0 0 0 0 0 0 0 0 0 0 0 0 0 0 0 0 0 0 0 0 0 
0 0 0 0 0 0 0 0 0 0 0 0 0 0 0 0 0 0 0 0 0 0 0 0 0 0 0 0 0 4.29057e-07 2.03526e-06 3.74801e-08 4.37241e-06 0 0 0 4.69004e-06 6.30869e-06 1.64985e-06 5.72417e-06 1.37107e-05 1.50082e-05 1.16042e-05 1.66384e-05 8.84633e-06 1.67986e-05 1.92858e-05 3.95119e-06 1.94628e-05 1.12122e-05 1.56298e-05 6.78876e-06 2.66631e-05 1.279e-05 2.17467e-05 1.59425e-05 8.10522e-06 2.59796e-06 1.69361e-05 1.39582e-05 1.2756e-05 1.20615e-05 1.12611e-05 0 1.86735e-06 2.27411e-06 0 0 0 0 1.99176e-06 0 1.52185e-06 0 2.79712e-06 3.09172e-06 0 0 0 0 0 0 0 0 0 0 0 0 0 0 0 0 0 0 0 0 0 0 0 0 
0 0 0 0 0 0 0 0 0 0 0 0 0 0 0 0 0 0 0 0 0 0 0 0 0 0 0 0 0 2.21019e-06 0 0 0 0 0 0 4.24033e-06 4.023e-06 2.52446e-06 5.67154e-06 1.19945e-05 1.48948e-05 1.52355e-05 1.77664e-05 6.21271e-06 1.25088e-05 1.39154e-05 3.79132e-06 2.35276e-05 9.5089e-06 1.66301e-05 4.46749e-06 1.20014e-05 1.54587e-05 2.16882e-05 1.39867e-05 1.13982e-05 9.59814e-07 1.65234e-05 1.07098e-05 1.25503e-05 1.43571e-05 1.18258e-05 4.43862e-07 1.78699e-06 2.43872e-06 0 0 0 0 2.22176e-06 0 1.34816e-06 8.09423e-07 2.34001e-06 4.44682e-07 1.53777e-06 0 0 0 0 0 0 0 0 0 0 0 0 0 0 0 0 0 0 0 0 0 0 0 
0 0 0 0 0 0 0 0 0 0 0 0 0 0 0 0 0 0 0 0 0 0 0 0 0 0 0 0 0 2.53314e-06 0 0 0 0 0 0 4.69037e-06 7.37712e-06 3.59098e-06 6.82771e-06 1.13061e-05 1.6719e-05 1.76219e-05 2.21495e-05 5.61785e-06 1.88745e-05 8.64168e-06 4.12106e-06 2.28003e-05 8.31901e-06 1.85305e-05 3.93381e-06 8.82868e-06 1.57562e-05 1.9932e-05 9.64632e-06 1.63028e-05 1.3863e-06 1.3413e-05 1.05664e-05 2.03826e-05 1.45484e-05 8.45608e-06 2.24433e-06 1.86738e-06 1.40204e-06 0 0 0 0 2.44278e-06 0 0 2.82245e-06 0 0 2.19064e-06 0 0 0 0 0 0 0 0 0 0 0 0 0 0 0 0 0 0 0 0 0 0 0 
0 0 0 0 0 0 0 0 0 0 0 0 0 0 0 0 0 0 0 0 0 0 0 0 0 0 0 0 2.12413e-06 0 0 0 0 0 0 0 4.18757e-06 6.09466e-06 4.2066e-06 7.67369e-06 1.02335e-05 1.72013e-05 2.01166e-05 2.18238e-05 2.23935e-06 1.81254e-05 9.59816e-06 6.38302e-06 1.77718e-05 8.38167e-06 1.67361e-05 2.21611e-06 8.95985e-06 1.95425e-05 1.95598e-05 8.36281e-06 1.49579e-05 2.95421e-06 1.59518e-05 1.36146e-05 1.15676e-05 1.28925e-05 7.61734e-06 2.17422e-06 2.22263e-06 2.43035e-06 0 0 0 0 2.38409e-06 0 0 1.75702e-06 0 0 2.38777e-06 0 0 0 0 0 0 0 0 0 0 0 0 0 0 0 0 0 0 0 0 0 0 0 
0 0 0 0 0 0 0 0 0 0 0 0 0 0 0 0 0 0 0 0 0 0 0 0 0 0 0 0 0 0 0 0 0 0 0 0 4.41371e-06 8.45757e-06 5.75279e-06 7.63147e-06 1.21336e-05 1.65349e-05 2.04352e-05 2.00546e-05 2.25536e-06 1.66835e-05 9.15133e-06 8.34821e-06 1.42928e-05 1.7762e-05 1.67348e-05 2.36323e-06 1.45954e-05 2.03999e-05 1.72473e-05 9.48325e-06 1.69957e-05 7.93436e-06 1.55999e-05 1.35689e-05 1.17852e-05 1.27768e-05 6.70594e-06 5.7813e-06 2.42788e-06 1.13215e-06 0 0 0 0 4.82426e-07 2.36628e-06 0 2.54221e-06 0 0 1.27468e-06 1.44856e-06 0 0 0 0 0 0 0 0 0 0 0 0 0 0 0 0 0 0 0 0 0 0 
0 0 0 0 0 0 0 0 0 0 0 0 0 0 0 1.37099e-06 0 0 0 0 0 0 0 0 0 0 0 0 0 0 0 0 0 0 0 0 4.22379e-06 7.40262e-06 6.98872e-06 6.30493e-06 1.27409e-05 2.00819e-05 1.56376e-05 1.86929e-05 2.79982e-06 1.42081e-05 1.10244e-05 6.90252e-06 1.01962e-05 1.34401e-05 1.40755e-05 2.74338e-06 1.38732e-05 2.16872e-05 1.52054e-05 9.15217e-06 1.73239e-05 1.40274e-05 1.31077e-05 1.3711e-05 1.07113e-05 1.3341e-05 6.99256e-06 6.15891e-06 2.87007e-06 0 0 0 0 0 0 2.30702e-06 0 1.77949e-06 0 0 0 2.02794e-06 0 0 0 0 0 0 0 0 0 0 0 0 0 0 0 0 0 0 0 0 0 0 
0 0 0 0 0 0 0 0 0 0 0 0 0 0 3.90565e-06 6.77394e-07 0 0 0 0 0 0 0 0 0 0 0 0 0 0 0 0 0 0 4.39336e-07 1.95303e-06 4.70377e-06 7.89951e-06 7.13615e-06 6.96947e-06 9.49248e-06 1.64586e-05 1.32052e-05 1.85834e-05 4.20554e-06 1.32352e-05 1.54233e-05 9.82077e-06 1.04861e-05 1.4828e-05 1.9453e-05 3.26478e-06 9.28425e-06 2.34841e-05 1.57879e-05 9.17895e-06 4.19499e-05 1.52896e-05 1.42938e-05 1.24155e-05 7.79482e-06 1.46726e-05 2.50001e-06 8.94373e-06 4.44637e-06 0 0 1.98306e-06 0 0 0 2.18211e-06 0 3.05931e-06 0 0 0 2.90597e-06 0 0 0 0 0 0 0 0 0 0 0 0 0 0 0 0 0 0 0 0 0 0 
0 0 0 0 0 0 0 0 0 0 0 0 6.19704e-07 4.20816e-06 0 0 0 0 0 0 0 0 0 0 0 0 0 0 0 0 0 0 0 0 2.53316e-06 2.3766e-06 4.66142e-06 7.15323e-06 7.3034e-06 7.23273e-06 1.1405e-05 9.93732e-06 9.98586e-06 1.89332e-05 4.92664e-06 1.03422e-05 1.19037e-05 1.01e-05 6.21597e-06 1.926e-05 2.12135e-05 8.15477e-06 5.87822e-06 2.14464e-05 1.57883e-05 1.46555e-05 1.54958e-05 2.527e-05 1.31359e-05 1.37695e-05 8.02916e-06 1.05065e-05 2.66215e-06 1.00622e-05 4.96671e-06 0 2.75377e-06 2.5501e-06 0 0 0 2.02089e-06 0 0 2.55989e-06 0 0 2.53662e-06 0 0 0 0 0 0 0 0 0 0 0 0 0 0 0 0 0 0 0 0 0 0 
0 0 0 0 0 0 0 0 0 0 0 8.4617e-07 3.84653e-06 0 0 0 0 0 0 0 0 0 0 0 0 0 0 0 0 0 0 0 9.90313e-07 1.85953e-06 2.34318e-06 5.05116e-06 2.29553e-06 6.92873e-06 5.1131e-06 7.76976e-06 1.13657e-05 1.01084e-05 1.02617e-05 1.79378e-05 5.15624e-06 1.1712e-05 5.94322e-06 1.29662e-05 8.00488e-06 2.196e-05 1.72028e-05 7.61246e-06 8.6124e-06 1.83502e-05 1.95713e-05 1.42158e-05 1.37429e-05 1.7755e-05 4.76585e-05 1.65835e-05 6.62129e-06 7.11208e-06 4.46386e-06 8.80623e-06 2.11744e-06 0 2.43664e-06 3.73988e-06 1.32733e-06 0 0 1.67448e-06 8.94869e-07 0 2.59663e-06 0 0 0 2.71191e-06 0 0 0 0 0 0 0 0 0 0 0 0 0 0 0 0 0 0 0 0 0 
0 0 0 0 0 0 0 0 0 0 0 0 0 0 0 0 0 0 0 0 0 0 0 0 0 0 0 0 0 0 0 1.55485e-06 1.45284e-05 1.22117e-05 3.82601e-06 5.50236e-06 2.32733e-06 8.25984e-06 4.39135e-06 1.00592e-05 1.13923e-05 8.56839e-06 8.21187e-06 1.95825e-05 1.08154e-05 1.29355e-05 7.64391e-06 1.51325e-05 6.36702e-06 1.67303e-05 2.11165e-05 8.0429e-06 7.68765e-06 2.1011e-05 1.97094e-05 8.68827e-06 1.53771e-05 2.3482e-05 1.16707e-05 1.37194e-05 8.16268e-06 6.67307e-06 5.33447e-06 8.90318e-06 2.39503e-06 0 3.02842e-06 2.82149e-06 2.1467e-06 0 0 0 3.15256e-06 0 2.38826e-06 0 0 0 3.13862e-06 0 0 0 0 0 0 0 0 0 0 0 0 0 0 0 0 0 0 0 0 0 
0 0 0 0 0 0 0 0 0 0 0 0 0 0 0 0 0 0 0 0 0 0 0 0 0 0 0 0 0 0 1.97757e-06 1.49787e-06 9.23e-06 2.33998e-06 2.21049e-06 3.57529e-06 3.30324e-06 4.57504e-06 6.35596e-06 7.74633e-06 9.46997e-06 6.64498e-06 6.13935e-06 1.94535e-05 1.17074e-05 1.63272e-05 9.741e-06 1.35508e-05 4.88538e-06 1.51473e-05 2.02133e-05 7.94425e-06 9.31932e-06 2.23385e-05 1.83346e-05 6.12167e-06 1.83288e-05 2.01365e-05 1.25923e-05 1.34464e-05 1.05846e-05 3.5741e-06 5.0273e-06 9.21836e-06 2.6482e-06 0 2.44004e-06 3.09454e-06 2.13429e-06 0 0 0 1.84683e-06 0 2.45667e-06 0 0 0 2.26979e-06 0 0 0 0 0 0 0 0 0 0 0 0 0 0 0 0 0 0 0 0 0 
0 0 0 0 0 0 0 0 0 0 0 0 0 0 0 0 0 0 0 0 0 0 0 0 0 0 0 0 0 2.45959e-06 1.00159e-06 0 0 2.31544e-06 2.32861e-06 3.40298e-06 2.64711e-06 3.00653e-06 9.32277e-06 6.7456e-06 1.01247e-05 5.76996e-06 4.78148e-06 1.78649e-05 1.54987e-05 1.42559e-05 6.47469e-06 1.32205e-05 6.73641e-06 1.26187e-05 2.27659e-05 7.11515e-06 8.58014e-06 2.10563e-05 2.0452e-05 4.45133e-06 1.83673e-05 1.5746e-05 1.34469e-05 1.18504e-05 1.02997e-05 2.40681e-06 3.11918e-06 7.04072e-06 4.88324e-06 1.90163e-06 2.86693e-06 1.04556e-06 4.31397e-06 0 0 0 3.08647e-06 0 2.74106e-06 0 0 0 2.76578e-06 0 0 0 0 0 0 0 0 0 0 0 0 0 0 0 0 0 0 0 0 0 
0 0 0 0 0 0 0 0 0 0 0 0 0 0 0 0 0 0 0 0 0 0 0 0 0 0 0 0 5.49012e-07 6.02272e-07 0 0 0 3.0604e-06 2.92926e-06 2.58721e-06 2.58989e-06 4.56704e-06 1.02164e-05 5.85931e-06 1.38959e-05 5.26185e-06 6.18513e-06 1.48867e-05 1.50252e-05 1.44775e-05 9.02155e-06 1.70506e-05 8.11341e-06 8.00395e-06 3.00535e-05 1.20515e-05 1.16644e-05 1.58859e-05 1.92207e-05 6.9161e-06 1.81218e-05 1.83008e-05 1.37528e-05 1.45887e-05 1.14636e-05 2.4954e-06 1.97843e-06 5.90027e-06 2.80177e-06 3.40431e-06 5.08011e-06 3.18578e-06 5.6718e-06 0 0 0 2.0747e-06 5.65707e-07 1.16599e-06 1.51169e-06 0 0 0 1.66485e-06 0 0 0 0 0 0 0 0 0 0 0 0 0 0 0 0 0 0 0 0 
0 0 0 0 0 0 0 0 0 0 0 0 0 0 0 0 0 0 1.32783e-06 5.60203e-06 0 0 0 0 6.77591e-07 6.27542e-07 0 0 0 0 0 0 0 3.08236e-06 2.2367e-06 2.96334e-06 2.7223e-06 2.54908e-06 1.11165e-05 7.49218e-06 1.25296e-05 6.12305e-06 5.79816e-06 1.57916e-05 1.19208e-05 1.16024e-05 8.37833e-06 1.71789e-05 8.61697e-06 1.03849e-05 1.80213e-05 1.28755e-05 1.02863e-05 2.07049e-05 2.07038e-05 7.56714e-06 1.63433e-05 1.80488e-05 1.52151e-05 1.41012e-05 1.53596e-05 0 0 7.07104e-06 2.69206e-06 4.10223e-06 2.65213e-06 0 5.55156e-06 0 0 0 0 2.64126e-06 0 2.87405e-06 0 0 0 0 0 0 0 0 0 0 0 0 0 0 0 0 0 0 0 0 0 0 0 0 
0 0 0 0 0 0 0 0 0 0 0 0 0 0 0 0 0 1.78561e-05 5.84216e-06 0 0 0 0 6.59429e-07 3.32703e-06 0 0 0 0 0 0 0 0 2.10553e-06 2.73666e-06 3.32404e-06 2.70583e-06 5.37428e-06 9.58864e-06 1.01018e-05 1.21417e-05 7.97079e-06 1.1128e-05 1.31153e-05 1.23853e-05 1.01086e-05 1.19727e-05 1.86926e-05 9.62022e-06 1.49575e-05 1.48922e-05 1.72825e-05 7.63738e-06 1.85102e-05 2.00335e-05 9.19024e-06 2.04939e-05 1.33764e-05 2.27348e-05 1.34445e-05 1.47962e-05 0 2.55233e-06 5.24145e-06 2.5884e-06 5.59985e-06 2.64555e-06 0 2.23094e-06 0 0 0 0 2.78678e-06 0 2.91153e-06 0 0 0 0 0 0 0 0 0 0 0 0 0 0 0 0 0 0 0 0 0 0 0 0 
0 0 0 0 0 0 0 0 0 0 0 0 0 0 0 0 0 0 0 0 0 0 0 0 0 0 0 0 0 0 0 0 0 0 2.58243e-06 2.98391e-06 2.9844e-06 6.84798e-06 1.18983e-05 1.10468e-05 1.24251e-05 7.75113e-06 1.58859e-05 1.72094e-05 1.05971e-05 8.71209e-06 1.00821e-05 2.33936e-05 8.88695e-06 1.48577e-05 1.58277e-05 2.58467e-05 9.77963e-06 1.55043e-05 1.86402e-05 7.91345e-06 2.55767e-05 1.2291e-05 1.20489e-05 1.61494e-05 1.75544e-05 0 2.23486e-06 3.71857e-06 3.40341e-06 4.91829e-06 3.69963e-07 0 0 0 0 0 7.18043e-07 5.92844e-06 0 2.79068e-06 0 0 0 0 0 0 0 0 0 0 6.03337e-07 0 0 0 0 0 0 0 0 0 0 0 0 0 
0 0 0 0 0 0 0 0 0 0 0 0 0 0 0 0 0 0 0 0 0 0 0 0 0 0 0 0 0 0 0 0 0 0 4.33401e-06 3.30657e-06 2.81235e-06 1.06071e-05 1.64223e-05 1.43196e-05 1.08816e-05 1.22587e-05 1.31624e-05 1.62476e-05 1.46492e-05 5.33651e-06 3.75727e-06 2.40215e-05 8.69958e-06 1.43354e-05 1.83847e-05 2.7903e-05 1.22195e-05 1.60808e-05 1.70733e-05 6.76725e-06 2.45352e-05 1.20552e-05 1.02822e-05 1.69751e-05 1.25997e-05 2.23454e-06 2.85374e-06 0 5.16638e-06 5.24917e-06 0 0 0 0 0 0 0 5.2248e-06 0 3.48111e-06 0 0 0 0 0 0 0 0 0 0 3.87785e-06 0 0 0 0 0 0 0 0 0 0 0 0 0 
0 0 0 0 0 0 0 0 0 0 0 0 0 0 0 0 0 0 0 0 0 0 0 0 0 0 0 0 0 0 0 0 0 2.10209e-06 6.51791e-06 5.29338e-07 5.14415e-06 7.5353e-06 1.67204e-05 1.39369e-05 1.17774e-05 1.41309e-05 1.1257e-05 1.46647e-05 2.03314e-05 9.70617e-06 0 2.3755e-05 2.62735e-05 1.75648e-05 2.12981e-05 2.92863e-05 1.39517e-05 1.24197e-05 1.95224e-05 9.91126e-06 2.45828e-05 1.74978e-05 8.80744e-06 2.07051e-05 1.18312e-05 5.75832e-06 4.26288e-06 0 4.22473e-06 4.95245e-06 0 0 0 0 0 0 0 4.77496e-06 3.23171e-06 1.2232e-06 1.77623e-06 0 0 0 7.69763e-07 0 0 0 0 0 3.53951e-06 0 0 0 0 0 0 0 0 0 0 0 0 0 
0 0 0 0 0 0 0 0 0 0 0 0 0 0 0 0 0 0 0 0 0 0 0 0 0 0 0 0 0 0 0 0 0 5.57345e-06 3.70044e-06 0 4.92819e-06 6.56435e-06 1.54786e-05 1.36299e-05 7.54637e-06 1.52182e-05 1.42584e-05 1.25899e-05 1.63139e-05 1.26716e-05 0 2.65995e-05 1.79495e-05 1.93712e-05 2.89026e-05 2.74905e-05 1.89832e-05 1.03334e-05 2.1436e-05 9.10072e-06 2.25415e-05 1.66068e-05 7.94636e-06 2.28353e-05 9.88986e-06 7.30429e-06 8.26348e-06 3.36259e-08 0 5.34207e-06 0 0 0 0 0 0 0 0 4.86838e-06 0 3.48275e-06 0 0 0 3.72199e-06 0 0 0 0 0 0 3.53219e-06 0 0 0 0 0 0 0 0 0 0 0 0 
0 0 0 0 0 0 0 0 0 0 0 0 0 0 0 0 0 0 0 0 0 0 0 0 0 0 0 0 0 0 0 0 1.84418e-06 6.02362e-06 3.43801e-06 0 3.92956e-06 8.32047e-06 1.46568e-05 1.85104e-05 7.27582e-06 2.71032e-05 1.1369e-05 1.50452e-05 1.63602e-05 1.49937e-05 0 2.40757e-05 2.2015e-05 1.80867e-05 3.07598e-05 3.06251e-05 2.84145e-05 1.47148e-05 1.67993e-05 1.08984e-05 1.40207e-05 1.28992e-05 1.00092e-05 2.60574e-05 1.06271e-05 9.28959e-06 9.11039e-06 0 0 5.05838e-06 0 0 0 0 0 0 0 0 3.23956e-06 0 2.84559e-06 0 0 0 1.98096e-06 1.3808e-06 0 0 0 0 0 1.31731e-06 0 0 0 0 0 0 0 0 0 0 0 0 
0 0 0 0 0 0 0 0 0 0 0 0 0 0 0 0 0 0 0 0 0 0 0 0 0 0 0 0 0 0 0 0 3.0843e-06 2.59687e-06 2.45782e-06 2.66081e-06 5.61973e-06 1.24709e-05 1.48175e-05 2.06219e-05 4.63117e-06 3.29589e-05 1.18477e-05 1.70214e-05 1.65209e-05 1.33508e-05 1.08394e-06 2.26708e-05 1.88523e-05 2.5892e-05 3.18475e-05 2.88826e-05 3.61974e-05 1.04213e-05 2.03722e-05 1.11292e-05 1.76346e-05 1.00763e-05 8.43526e-06 2.82488e-05 7.76389e-06 1.36886e-05 8.20561e-06 1.55273e-06 0 2.62096e-06 0 0 0 0 0 0 0 0 2.66085e-06 0 3.25287e-06 0 0 0 0 3.84976e-06 0 0 0 0 0 0 0 0 0 0 0 0 0 0 0 0 0 0 
0 0 0 0 0 0 0 0 0 0 0 0 0 0 0 0 0 0 0 0 0 0 0 0 0 0 0 0 0 0 0 0 1.3526e-06 3.94833e-06 2.17309e-06 5.2768e-06 7.51577e-06 1.04643e-05 1.93871e-05 1.29427e-05 3.05871e-06 1.76553e-05 8.81016e-06 1.41735e-05 1.93342e-05 1.67754e-05 0 1.90446e-05 2.43325e-05 2.73239e-05 2.75603e-05 3.07855e-05 3.4677e-05 1.10384e-05 2.3462e-05 1.26798e-05 1.87078e-05 1.25324e-05 8.14685e-06 3.14036e-05 7.17623e-06 1.16297e-05 2.40755e-06 0 0 2.27357e-06 0 0 0 0 0 0 0 0 3.69406e-06 2.29021e-06 3.94921e-06 0 0 0 0 3.97319e-06 0 0 0 0 0 0 0 0 0 0 0 0 0 0 0 0 0 0 
0 0 0 0 0 0 0 0 0 0 0 0 0 0 0 0 0 0 0 0 0 0 0 0 0 0 0 0 0 0 0 0 0 3.57391e-06 3.13375e-06 3.87813e-06 1.3082e-05 8.5366e-06 1.71807e-05 1.01747e-05 3.24338e-06 2.23704e-05 6.8091e-06 1.58404e-05 2.29395e-05 1.86248e-05 1.29084e-06 1.62032e-05 1.81152e-05 3.12909e-05 2.92832e-05 3.74628e-05 2.5514e-05 1.58712e-05 2.02353e-05 1.38591e-05 1.80445e-05 1.8675e-05 1.12733e-05 2.697e-05 9.46943e-06 1.51277e-05 3.84873e-06 0 0 3.64511e-06 0 0 0 0 0 0 0 0 4.95411e-06 3.86576e-06 8.22882e-07 2.56751e-06 0 0 0 4.41794e-06 0 0 0 0 0 0 0 0 0 0 0 0 0 0 0 0 0 0 
0 0 0 0 0 0 0 0 0 0 0 0 0 0 0 0 0 0 0 0 0 0 0 0 0 0 0 0 0 0 0 2.36174e-06 0 3.99739e-06 9.98981e-06 0 1.64553e-05 8.37215e-06 1.43933e-05 1.37255e-05 3.39965e-06 2.02189e-05 9.48431e-06 1.77817e-05 1.995e-05 1.6729e-05 1.04414e-05 1.21346e-05 2.39856e-05 3.7159e-05 2.99394e-05 4.12605e-05 2.72832e-05 1.35759e-05 2.47415e-05 1.83535e-05 1.78347e-05 2.13627e-05 1.21821e-05 2.76425e-05 8.84054e-06 9.66976e-06 3.44303e-07 0 0 5.68114e-06 0 0 0 0 0 0 0 0 2.00461e-06 7.76865e-06 0 1.69663e-05 4.56952e-06 0 0 7.90755e-07 4.86118e-06 0 0 0 0 0 0 0 0 0 0 0 0 0 0 0 0 0 
0 0 0 0 0 0 0 0 0 0 0 0 0 0 0 0 0 0 0 0 0 0 0 0 0 0 0 0 0 0 8.1629e-07 3.52846e-06 0 1.36704e-05 1.36209e-05 4.90831e-06 1.65404e-05 5.81245e-06 1.04763e-05 2.63021e-05 3.84149e-06 1.74642e-05 2.11759e-05 1.74311e-05 1.56913e-05 2.21804e-05 9.7961e-06 7.06861e-06 2.8596e-05 3.41728e-05 3.06189e-05 4.17087e-05 2.95453e-05 6.30718e-06 3.29687e-05 2.87669e-05 1.08881e-05 2.52988e-05 8.11357e-06 2.61011e-05 8.15791e-06 1.24462e-05 3.14556e-06 0 0 7.27835e-06 3.13879e-06 0 0 0 0 0 0 0 0 9.21654e-06 0 0 0 0 0 0 4.0482e-06 0 0 0 0 0 0 0 0 0 0 0 0 0 0 0 0 0 
0 0 0 0 0 0 0 0 0 0 0 0 0 0 0 0 0 0 0 0 0 0 0 0 0 0 0 0 0 0 9.44068e-07 0 0 1.19946e-05 8.03357e-06 8.53004e-06 1.44174e-05 3.63275e-06 1.45207e-05 1.66417e-05 3.14615e-06 2.35839e-05 2.32834e-05 1.17159e-05 1.07957e-05 2.96618e-05 1.19448e-05 8.06209e-06 3.33136e-05 3.48758e-05 3.27308e-05 3.36257e-05 2.94093e-05 9.36119e-06 3.19733e-05 3.74245e-05 1.52998e-05 2.70371e-05 8.02961e-06 3.22588e-05 1.40216e-05 3.86595e-06 1.09963e-05 0 0 4.76048e-06 5.08117e-06 0 0 0 0 0 0 0 0 4.03516e-06 3.1681e-06 0 0 0 0 0 5.86944e-06 0 0 0 0 0 0 0 0 0 0 0 0 0 0 0 0 0 
0 0 0 0 0 0 0 0 0 0 0 0 0 0 0 0 0 0 0 0 0 0 0 0 0 0 0 0 0 0 0 0 0 1.11293e-05 1.06273e-05 1.00509e-05 1.57958e-05 4.27051e-06 1.89838e-05 1.63716e-05 5.05518e-06 4.43952e-05 2.22446e-05 1.62652e-05 1.23803e-05 1.97798e-05 1.80988e-05 9.03341e-06 2.72091e-05 4.94418e-05 2.25869e-05 3.77144e-05 2.97633e-05 1.08311e-05 3.34489e-05 4.24785e-05 1.59488e-05 3.80773e-05 8.59695e-06 4.59715e-05 1.2509e-05 0 1.68844e-05 0 0 2.62378e-06 1.05983e-05 0 0 0 0 0 0 0 0 0 1.1388e-06 0 0 0 0 0 6.77902e-06 1.41704e-06 0 0 0 0 0 0 0 0 0 0 0 0 0 0 0 0 
0 0 0 0 0 0 0 0 0 0 0 0 0 0 0 0 0 0 0 0 0 0 0 0 0 0 0 0 0 0 0 0 8.95969e-06 3.98983e-06 5.63146e-06 1.11008e-05 1.57432e-05 8.12164e-06 1.95719e-05 1.5775e-05 5.20766e-06 5.02701e-05 2.4927e-05 2.29685e-05 1.19846e-05 1.68825e-05 1.8643e-05 1.89432e-05 2.45795e-05 6.80136e-05 5.90952e-06 4.297e-05 3.48718e-05 1.38572e-05 2.22122e-05 5.46901e-05 1.70956e-05 3.00767e-05 1.97896e-05 1.3866e-05 2.16117e-05 0 1.95376e-05 3.18152e-06 0 4.58292e-06 9.81592e-06 0 0 0 0 0 0 0 0 0 0 0 0 0 0 0 0 9.90806e-06 0 0 0 0 0 0 0 0 0 0 0 0 0 0 0 0 
0 0 0 0 0 0 0 0 0 0 0 0 0 0 0 0 0 0 0 0 0 0 0 0 0 0 0 0 0 0 0 2.80207e-06 8.37532e-06 5.44696e-06 4.89609e-06 1.3341e-05 2.15639e-05 1.38462e-05 3.9751e-05 6.54608e-06 4.43523e-06 4.98772e-05 2.93387e-05 3.23612e-05 1.23696e-05 2.24133e-05 3.42753e-05 1.84224e-05 2.42779e-05 9.65174e-05 1.59745e-05 6.25261e-05 1.63836e-05 2.21657e-05 2.24043e-05 5.46188e-05 2.51151e-05 3.81432e-05 1.9997e-05 1.54525e-05 1.85897e-05 3.02522e-06 2.54118e-05 9.71445e-06 0 5.01776e-06 4.44049e-06 0 0 0 0 0 0 0 0 0 0 0 0 0 0 0 0 1.25382e-05 0 0 0 0 0 0 0 0 0 0 0 0 0 0 0 0 
0 0 0 0 0 0 0 0 0 0 0 0 0 0 0 0 0 0 0 0 0 0 0 0 0 0 0 0 0 0 0 9.15204e-06 0 7.33902e-06 2.77873e-06 2.05847e-05 3.45082e-05 1.66635e-05 1.98137e-05 1.34498e-05 1.98358e-05 4.2274e-05 3.36199e-05 3.96628e-05 1.66537e-05 2.95223e-05 3.62746e-05 1.05164e-05 4.87889e-05 6.6646e-05 1.95393e-05 8.21377e-05 1.73593e-05 3.29729e-05 1.68859e-05 5.71708e-05 4.06729e-05 3.19603e-05 2.39799e-05 1.58443e-05 2.75775e-05 6.47891e-06 1.89156e-05 1.29017e-05 0 6.02261e-06 1.28946e-06 0 0 0 0 0 0 0 0 0 0 0 0 0 0 0 0 0 0 0 0 0 0 0 0 0 0 0 0 0 0 0 0 0 
0 0 0 0 0 0 0 0 0 0 0 0 0 0 0 0 0 0 0 0 0 0 0 0 0 0 0 0 0 0 0 0 0 1.74882e-06 0 6.27794e-06 2.48401e-05 1.64739e-05 1.89653e-05 3.19245e-05 2.13726e-05 2.88909e-05 2.09184e-05 5.62164e-05 1.45423e-05 1.75469e-05 2.89374e-05 1.63935e-05 2.5453e-05 4.27089e-05 4.31367e-06 5.46996e-05 3.84417e-05 2.25735e-05 4.60993e-05 3.59814e-05 2.6584e-05 4.95862e-05 3.02849e-05 3.53071e-06 3.20622e-05 1.41929e-05 3.09264e-05 0 0 6.65334e-06 0 0 0 0 0 0 0 0 0 0 0 0 0 0 0 0 0 0 0 0 0 0 0 0 0 0 0 0 0 0 0 0 0 0 
0 0 0 0 0 0 0 0 0 0 0 0 0 0 0 0 0 0 0 0 0 0 0 4.77702e-06 0 0 0 0 0 0 0 0 0 0 0 5.98016e-06 1.89968e-05 1.88826e-05 2.45151e-05 2.84802e-05 3.24033e-05 2.20428e-05 2.55075e-05 3.34847e-05 2.9557e-05 6.25156e-06 2.00728e-05 0 3.36339e-05 0 0 1.84371e-05 1.87181e-05 1.29902e-05 6.00851e-05 3.48336e-05 3.66955e-05 2.01748e-05 3.65006e-05 0 2.17877e-05 1.74094e-05 2.77643e-05 6.56009e-06 0 6.61686e-06 0 0 0 0 0 0 0 0 0 0 0 0 0 0 0 0 0 0 0 0 0 0 0 0 0 0 0 0 0 0 0 0 0 0 
0 0 0 0 0 0 0 0 0 0 0 0 0 0 0 0 0 0 0 0 0 0 2.90144e-06 3.90437e-06 0 0 0 0 0 0 0 0 0 0 0 9.70911e-06 9.23825e-06 1.53713e-05 3.47461e-05 3.38613e-05 1.28859e-05 4.85302e-05 6.48173e-06 9.73512e-06 1.77161e-05 0 7.22576e-06 0 1.47237e-05 0 0 2.35669e-05 1.44076e-05 0 2.37673e-05 2.19143e-05 2.74706e-05 2.66118e-05 4.14525e-05 0 2.15993e-05 9.57242e-06 0 2.57137e-05 0 1.71936e-05 0 0 0 0 0 0 0 0 0 0 0 0 0 0 0 0 0 0 0 0 0 0 0 0 0 0 0 0 0 0 0 0 0 0 
0 0 0 0 0 0 0 0 0 0 0 0 0 0 0 0 0 0 0 0 0 0 9.20734e-06 0 0 0 0 0 0 0 0 0 0 5.71147e-06 1.56553e-06 1.2088e-05 1.46033e-05 2.34612e-05 1.58737e-05 1.20295e-07 8.82892e-06 1.61013e-05 0 0 1.55702e-05 0 0 0 0 0 0 0 2.11335e-05 0 8.93377e-06 8.91981e-06 2.34592e-05 1.4257e-05 2.21867e-05 0 1.70519e-05 1.27871e-05 0 0 0 0 0 0 0 0 0 0 0 0 0 0 0 0 0 0 0 0 0 0 0 0 0 0 0 0 0 0 0 0 0 0 0 0 0 0 
0 0 0 0 0 0 0 0 0 0 0 0 0 0 0 0 0 0 0 0 0 0 1.42053e-05 0 0 0 0 0 0 0 0 0 0 0 1.4213e-05 0 0 1.33678e-05 6.09808e-06 0 5.01228e-06 5.6799e-06 0 0 0 0 0 0 0 0 0 0 7.85404e-06 0 0 0 2.64485e-05 3.11156e-05 0 0 0 0 0 0 0 0 0 0 0 0 0 0 0 0 0 0 0 0 0 0 0 0 0 0 0 0 0 0 0 0 0 0 0 0 0 0 0 0 0 0 
0 0 0 0 0 0 0 0 0 0 0 0 0 0 0 0 0 0 0 0 0 0 0 0 0 0 0 0 0 0 0 0 0 0 6.49235e-06 0 0 0 0 0 0 0 0 0 0 0 0 0 0 0 0 0 0 0 0 0 1.28209e-05 0 0 0 0 0 0 0 0 0 0 0 0 0 0 0 0 0 0 0 0 0 0 0 0 0 0 0 0 0 0 0 0 0 0 0 0 0 0 0 0 0 0 0 
0 0 0 0 0 0 0 0 0 0 0 0 0 0 0 0 0 0 0 0 0 0 0 0 0 0 0 0 0 0 0 0 0 0 0 0 0 0 0 0 0 0 0 0 0 0 0 0 0 0 0 0 0 0 0 0 0 0 0 0 0 0 0 0 0 0 0 0 0 0 0 0 0 0 0 0 0 0 0 0 0 0 0 0 0 0 0 0 0 0 0 0 0 0 0 0 0 0 0 0 
0 0 0 0 0 0 0 0 0 0 0 0 0 0 0 0 0 0 0 0 0 0 0 0 0 0 0 0 0 0 0 0 0 0 0 0 0 0 0 0 0 0 0 0 0 0 0 0 0 0 0 0 0 0 0 0 0 0 0 0 0 0 0 0 0 0 0 0 0 0 0 0 0 0 0 0 0 0 0 0 0 0 0 0 0 0 0 0 0 0 0 0 0 0 0 0 0 0 0 0 
0 0 0 0 0 0 0 0 0 0 0 0 0 0 0 0 0 0 0 0 0 0 0 0 0 0 0 0 0 0 0 0 0 0 0 0 0 0 0 0 0 0 0 0 0 0 0 0 0 0 0 0 0 0 0 0 0 0 0 0 0 0 0 0 0 0 0 0 0 0 0 0 0 0 0 0 0 0 0 0 0 0 0 0 0 0 0 0 0 0 0 0 0 0 0 0 0 0 0 0 
0 0 0 0 0 0 0 0 0 0 0 0 0 0 0 0 0 0 0 0 0 0 0 0 0 0 0 0 0 0 0 0 0 0 0 0 0 0 0 0 0 0 0 0 0 0 0 0 0 0 0 0 0 0 0 0 0 0 0 0 0 0 0 0 0 0 0 0 0 0 0 0 0 0 0 0 0 0 0 0 0 0 0 0 0 0 0 0 0 0 0 0 0 0 0 0 0 0 0 0 
0 0 0 0 0 0 0 0 0 0 0 0 0 0 0 0 0 0 0 0 0 0 0 0 0 0 0 0 0 0 0 0 0 0 0 0 0 0 0 0 0 0 0 0 0 0 0 0 0 0 0 0 0 0 0 0 0 0 0 0 0 0 0 0 0 0 0 0 0 0 0 0 0 0 0 0 0 0 0 0 0 0 0 0 0 0 0 0 0 0 0 0 0 0 0 0 0 0 0 0 
0 0 0 0 0 0 0 0 0 0 0 0 0 0 0 0 0 0 0 0 0 0 0 0 0 0 0 0 0 0 0 0 0 0 0 0 0 0 0 0 0 0 0 0 0 0 0 0 0 0 0 0 0 0 0 0 0 0 0 0 0 0 0 0 0 0 0 0 0 0 0 0 0 0 0 0 0 0 0 0 0 0 0 0 0 0 0 0 0 0 0 0 0 0 0 0 0 0 0 0 
0 0 0 0 0 0 0 0 0 0 0 0 0 0 0 0 0 0 0 0 0 0 0 0 0 0 0 0 0 0 0 0 0 0 0 0 0 0 0 0 0 0 0 0 0 0 0 0 0 0 0 0 0 0 0 0 0 0 0 0 0 0 0 0 0 0 0 0 0 0 0 0 0 0 0 0 0 0 0 0 0 0 0 0 0 0 0 0 0 0 0 0 0 0 0 0 0 0 0 0 
0 0 0 0 0 0 0 0 0 0 0 0 0 0 0 0 0 0 0 0 0 0 0 0 0 0 0 0 0 0 0 0 0 0 0 0 0 0 0 0 0 0 0 0 0 0 0 0 0 0 0 0 0 0 0 0 0 0 0 0 0 0 0 0 0 0 0 0 0 0 0 0 0 0 0 0 0 0 0 0 0 0 0 0 0 0 0 0 0 0 0 0 0 0 0 0 0 0 0 0 
0 0 0 0 0 0 0 0 0 0 0 0 0 0 0 0 0 0 0 0 0 0 0 0 0 0 0 0 0 0 0 0 0 0 0 0 0 0 0 0 0 0 0 0 0 0 0 0 0 0 0 0 0 0 0 0 0 0 0 0 0 0 0 0 0 0 0 0 0 0 0 0 0 0 0 0 0 0 0 0 0 0 0 0 0 0 0 0 0 0 0 0 0 0 0 0 0 0 0 0 
0 0 0 0 0 0 0 0 0 0 0 0 0 0 0 0 0 0 0 0 0 0 0 0 0 0 0 0 0 0 0 0 0 0 0 0 0 0 0 0 0 0 0 0 0 0 0 0 0 0 0 0 0 0 0 0 0 0 0 0 0 0 0 0 0 0 0 0 0 0 0 0 0 0 0 0 0 0 0 0 0 0 0 0 0 0 0 0 0 0 0 0 0 0 0 0 0 0 0 0 
0 0 0 0 0 0 0 0 0 0 0 0 0 0 0 0 0 0 0 0 0 0 0 0 0 0 0 0 0 0 0 0 0 0 0 0 0 0 0 0 0 0 0 0 0 0 0 0 0 0 0 0 0 0 0 0 0 0 0 0 0 0 0 0 0 0 0 0 0 0 0 0 0 0 0 0 0 0 0 0 0 0 0 0 0 0 0 0 0 0 0 0 0 0 0 0 0 0 0 0 
0 0 0 0 0 0 0 0 0 0 0 0 0 0 0 0 0 0 0 0 0 0 0 0 0 0 0 0 0 0 0 0 0 0 0 0 0 0 0 0 0 0 0 0 0 0 0 0 0 0 0 0 0 0 0 0 0 0 0 0 0 0 0 0 0 0 0 0 0 0 0 0 0 0 0 0 0 0 0 0 0 0 0 0 0 0 0 0 0 0 0 0 0 0 0 0 0 0 0 0 
0 0 0 0 0 0 0 0 0 0 0 0 0 0 0 0 0 0 0 0 0 0 0 0 0 0 0 0 0 0 0 0 0 0 0 0 0 0 0 0 0 0 0 0 0 0 0 0 0 0 0 0 0 0 0 0 0 0 0 0 0 0 0 0 0 0 0 0 0 0 0 0 0 0 0 0 0 0 0 0 0 0 0 0 0 0 0 0 0 0 0 0 0 0 0 0 0 0 0 0 
0 0 0 0 0 0 0 0 0 0 0 0 0 0 0 0 0 0 0 0 0 0 0 0 0 0 0 0 0 0 0 0 0 0 0 0 0 0 0 0 0 0 0 0 0 0 0 0 0 0 0 0 0 0 0 0 0 0 0 0 0 0 0 0 0 0 0 0 0 0 0 0 0 0 0 0 0 0 0 0 0 0 0 0 0 0 0 0 0 0 0 0 0 0 0 0 0 0 0 0 
0 0 0 0 0 0 0 0 0 0 0 0 0 0 0 0 0 0 0 0 0 0 0 0 0 0 0 0 0 0 0 0 0 0 0 0 0 0 0 0 0 0 0 0 0 0 0 0 0 0 0 0 0 0 0 0 0 0 0 0 0 0 0 0 0 0 0 0 0 0 0 0 0 0 0 0 0 0 0 0 0 0 0 0 0 0 0 0 0 0 0 0 0 0 0 0 0 0 0 0 
0 0 0 0 0 0 0 0 0 0 0 0 0 0 0 0 0 0 0 0 0 0 0 0 0 0 0 0 0 0 0 0 0 0 0 0 0 0 0 0 0 0 0 0 0 0 0 0 0 0 0 0 0 0 0 0 0 0 0 0 0 0 0 0 0 0 0 0 0 0 0 0 0 0 0 0 0 0 0 0 0 0 0 0 0 0 0 0 0 0 0 0 0 0 0 0 0 0 0 0 
0 0 0 0 0 0 0 0 0 0 0 0 0 0 0 0 0 0 0 0 0 0 0 0 0 0 0 0 0 0 0 0 0 0 0 0 0 0 0 0 0 0 0 0 0 0 0 0 0 0 0 0 0 0 0 0 0 0 0 0 0 0 0 0 0 0 0 0 0 0 0 0 0 0 0 0 0 0 0 0 0 0 0 0 0 0 0 0 0 0 0 0 0 0 0 0 0 0 0 0 
0 0 0 0 0 0 0 0 0 0 0 0 0 0 0 0 0 0 0 0 0 0 0 0 0 0 0 0 0 0 0 0 0 0 0 0 0 0 0 0 0 0 0 0 0 0 0 0 0 0 0 0 0 0 0 0 0 0 0 0 0 0 0 0 0 0 0 0 0 0 0 0 0 0 0 0 0 0 0 0 0 0 0 0 0 0 0 0 0 0 0 0 0 0 0 0 0 0 0 0 
0 0 0 0 0 0 0 0 0 0 0 0 0 0 0 0 0 0 0 0 0 0 0 0 0 0 0 0 0 0 0 0 0 0 0 0 0 0 0 0 0 0 0 0 0 0 0 0 0 0 0 0 0 0 0 0 0 0 0 0 0 0 0 0 0 0 0 0 0 0 0 0 0 0 0 0 0 0 0 0 0 0 0 0 0 0 0 0 0 0 0 0 0 0 0 0 0 0 0 0 
0 0 0 0 0 0 0 0 0 0 0 0 0 0 0 0 0 0 0 0 0 0 0 0 0 0 0 0 0 0 0 0 0 0 0 0 0 0 0 0 0 0 0 0 0 0 0 0 0 0 0 0 0 0 0 0 0 0 0 0 0 0 0 0 0 0 0 0 0 0 0 0 0 0 0 0 0 0 0 0 0 0 0 0 0 0 0 0 0 0 0 0 0 0 0 0 0 0 0 0 
0 0 0 0 0 0 0 0 0 0 0 0 0 0 0 0 0 0 0 0 0 0 0 0 0 0 0 0 0 0 0 0 0 0 0 0 0 0 0 0 0 0 0 0 0 0 0 0 0 0 0 0 0 0 0 0 0 0 0 0 0 0 0 0 0 0 0 0 0 0 0 0 0 0 0 0 0 0 0 0 0 0 0 0 0 0 0 0 0 0 0 0 0 0 0 0 0 0 0 0 
0 0 0 0 0 0 0 0 0 0 0 0 0 0 0 0 0 0 0 0 0 0 0 0 0 0 0 0 0 0 0 0 0 0 0 0 0 0 0 0 0 0 0 0 0 0 0 0 0 0 0 0 0 0 0 0 0 0 0 0 0 0 0 0 0 0 0 0 0 0 0 0 0 0 0 0 0 0 0 0 0 0 0 0 0 0 0 0 0 0 0 0 0 0 0 0 0 0 0 0 
0 0 0 0 0 0 0 0 0 0 0 0 0 0 0 0 0 0 0 0 0 0 0 0 0 0 0 0 0 0 0 0 0 0 0 0 0 0 0 0 0 0 0 0 0 0 0 0 0 0 0 0 0 0 0 0 0 0 0 0 0 0 0 0 0 0 0 0 0 0 0 0 0 0 0 0 0 0 0 0 0 0 0 0 0 0 0 0 0 0 0 0 0 0 0 0 0 0 0 0 
0 0 0 0 0 0 0 0 0 0 0 0 0 0 0 0 0 0 0 0 0 0 0 0 0 0 0 0 0 0 0 0 0 0 0 0 0 0 0 0 0 0 0 0 0 0 0 0 0 0 0 0 0 0 0 0 0 0 0 0 0 0 0 0 0 0 0 0 0 0 0 0 0 0 0 0 0 0 0 0 0 0 0 0 0 0 0 0 0 0 0 0 0 0 0 0 0 0 0 0 
0 0 0 0 0 0 0 0 0 0 0 0 0 0 0 0 0 0 0 0 0 0 0 0 0 0 0 0 0 0 0 0 0 0 0 0 0 0 0 0 0 0 0 0 0 0 0 0 0 0 0 0 0 0 0 0 0 0 0 0 0 0 0 0 0 0 0 0 0 0 0 0 0 0 0 0 0 0 0 0 0 0 0 0 0 0 0 0 0 0 0 0 0 0 0 0 0 0 0 0 
0 0 0 0 0 0 0 0 0 0 0 0 0 0 0 0 0 0 0 0 0 0 0 0 0 0 0 0 0 0 0 0 0 0 0 0 0 0 0 0 0 0 0 0 0 0 0 0 0 0 0 0 0 0 0 0 0 0 0 0 0 0 0 0 0 0 0 0 0 0 0 0 0 0 0 0 0 0 0 0 0 0 0 0 0 0 0 0 0 0 0 0 0 0 0 0 0 0 0 0 
0 0 0 0 0 0 0 0 0 0 0 0 0 0 0 0 0 0 0 0 0 0 0 0 0 0 0 0 0 0 0 0 0 0 0 0 0 0 0 0 0 0 0 0 0 0 0 0 0 0 0 0 0 0 0 0 0 0 0 0 0 0 0 0 0 0 0 0 0 0 0 0 0 0 0 0 0 0 0 0 0 0 0 0 0 0 0 0 0 0 0 0 0 0 0 0 0 0 0 0 
0 0 0 0 0 0 0 0 0 0 0 0 0 0 0 0 0 0 0 0 0 0 0 0 0 0 0 0 0 0 0 0 0 0 0 0 0 0 0 0 0 0 0 0 0 0 0 0 0 0 0 0 0 0 0 0 0 0 0 0 0 0 0 0 0 0 0 0 0 0 0 0 0 0 0 0 0 0 0 0 0 0 0 0 0 0 0 0 0 0 0 0 0 0 0 0 0 0 0 0 
0 0 0 0 0 0 0 0 0 0 0 0 0 0 0 0 0 0 0 0 0 0 0 0 0 0 0 0 0 0 0 0 0 0 0 0 0 0 0 0 0 0 0 0 0 0 0 0 0 0 0 0 0 0 0 0 0 0 0 0 0 0 0 0 0 0 0 0 0 0 0 0 0 0 0 0 0 0 0 0 0 0 0 0 0 0 0 0 0 0 0 0 0 0 0 0 0 0 0 0 
0 0 0 0 0 0 0 0 0 0 0 0 0 0 0 0 0 0 0 0 0 0 0 0 0 0 0 0 0 0 0 0 0 0 0 0 0 0 0 0 0 0 0 0 0 0 0 0 0 0 0 0 0 0 0 0 0 0 0 0 0 0 0 0 0 0 0 0 0 0 0 0 0 0 0 0 0 0 0 0 0 0 0 0 0 0 0 0 0 0 0 0 0 0 0 0 0 0 0 0 
0 0 0 0 0 0 0 0 0 0 0 0 0 0 0 0 0 0 0 0 0 0 0 0 0 0 0 0 0 0 0 0 0 0 0 0 0 0 0 0 0 0 0 0 0 0 0 0 0 0 0 0 0 0 0 0 0 0 0 0 0 0 0 0 0 0 0 0 0 0 0 0 0 0 0 0 0 0 0 0 0 0 0 0 0 0 0 0 0 0 0 0 0 0 0 0 0 0 0 0 
0 0 0 0 0 0 0 0 0 0 0 0 0 0 0 0 0 0 0 0 0 0 0 0 0 0 0 0 0 0 0 0 0 0 0 0 0 0 0 0 0 0 0 0 0 0 0 0 0 0 0 0 0 0 0 0 0 0 0 0 0 0 0 0 0 0 0 0 0 0 0 0 0 0 0 0 0 0 0 0 0 0 0 0 0 0 0 0 0 0 0 0 0 0 0 0 0 0 0 0 
0 0 0 0 0 0 0 0 0 0 0 0 0 0 0 0 0 0 0 0 0 0 0 0 0 0 0 0 0 0 0 0 0 0 0 0 0 0 0 0 0 0 0 0 0 0 0 0 0 0 0 0 0 0 0 0 0 0 0 0 0 0 0 0 0 0 0 0 0 0 0 0 0 0 0 0 0 0 0 0 0 0 0 0 0 0 0 0 0 0 0 0 0 0 0 0 0 0 0 0 
0 0 0 0 0 0 0 0 0 0 0 0 0 0 0 0 0 0 0 0 0 0 0 0 0 0 0 0 0 0 0 0 0 0 0 0 0 0 0 0 0 0 0 0 0 0 0 0 0 0 0 0 0 0 0 0 0 0 0 0 0 0 0 0 0 0 0 0 0 0 0 0 0 0 0 0 0 0 0 0 0 0 0 0 0 0 0 0 0 0 0 0 0 0 0 0 0 0 0 0 
0 0 0 0 0 0 0 0 0 0 0 0 0 0 0 0 0 0 0 0 0 0 0 0 0 0 0 0 0 0 0 0 0 0 0 0 0 0 0 0 0 0 0 0 0 0 0 0 0 0 0 0 0 0 0 0 0 0 0 0 0 0 0 0 0 0 0 0 0 0 0 0 0 0 0 0 0 0 0 0 0 0 0 0 0 0 0 0 0 0 0 0 0 0 0 0 0 0 0 0 
0 0 0 0 0 0 0 0 0 0 0 0 0 0 0 0 0 0 0 0 0 0 0 0 0 0 0 0 0 0 0 0 0 0 0 0 0 0 0 0 0 0 0 0 0 0 0 0 0 0 0 0 0 0 0 0 0 0 0 0 0 0 0 0 0 0 0 0 0 0 0 0 0 0 0 0 0 0 0 0 0 0 0 0 0 0 0 0 0 0 0 0 0 0 0 0 0 0 0 0 
0 0 0 0 0 0 0 0 0 0 0 0 0 0 0 0 0 0 0 0 0 0 0 0 0 0 0 0 0 0 0 0 0 0 0 0 0 0 0 0 0 0 0 0 0 0 0 0 0 0 0 0 0 0 0 0 0 0 0 0 0 0 0 0 0 0 0 0 0 0 0 0 0 0 0 0 0 0 0 0 0 0 0 0 0 0 0 0 0 0 0 0 0 0 0 0 0 0 0 0 
0 0 0 0 0 0 0 0 0 0 0 0 0 0 0 0 0 0 0 0 0 0 0 0 0 0 0 0 0 0 0 0 0 0 0 0 0 0 0 0 0 0 0 0 0 0 0 0 0 0 0 0 0 0 0 0 0 0 0 0 0 0 0 0 0 0 0 0 0 0 0 0 0 0 0 0 0 0 0 0 0 0 0 0 0 0 0 0 0 0 0 0 0 0 0 0 0 0 0 0 
0 0 0 0 0 0 0 0 0 0 0 0 0 0 0 0 0 0 0 0 0 0 0 0 0 0 0 0 0 0 0 0 0 0 0 0 0 0 0 0 0 0 0 0 0 0 0 0 0 0 0 0 0 0 0 0 0 0 0 0 0 0 0 0 0 0 0 0 0 0 0 0 0 0 0 0 0 0 0 0 0 0 0 0 0 0 0 0 0 0 0 0 0 0 0 0 0 0 0 0 
0 0 0 0 0 0 0 0 0 0 0 0 0 0 0 0 0 0 0 0 0 0 0 0 0 0 0 0 0 0 0 0 0 0 0 0 0 0 0 0 0 0 0 0 0 0 0 0 0 0 0 0 0 0 0 0 0 0 0 0 0 0 0 0 0 0 0 0 0 0 0 0 0 0 0 0 0 0 0 0 0 0 0 0 0 0 0 0 0 0 0 0 0 0 0 0 0 0 0 0 
0 0 0 0 0 0 0 0 0 0 0 0 0 0 0 0 0 0 0 0 0 0 0 0 0 0 0 0 0 0 0 0 0 0 0 0 0 0 0 0 0 0 0 0 0 0 0 0 0 0 0 0 0 0 0 0 0 0 0 0 0 0 0 0 0 0 0 0 0 0 0 0 0 0 0 0 0 0 0 0 0 0 0 0 0 0 0 0 0 0 0 0 0 0 0 0 0 0 0 0 
0 0 0 0 0 0 0 0 0 0 0 0 0 0 0 0 0 0 0 0 0 0 0 0 0 0 0 0 0 0 0 0 0 0 0 0 0 0 0 0 0 0 0 0 0 0 0 0 0 0 0 0 0 0 0 0 0 0 0 0 0 0 0 0 0 0 0 0 0 0 0 0 0 0 0 0 0 0 0 0 0 0 0 0 0 0 0 0 0 0 0 0 0 0 0 0 0 0 0 0 
